5260154495903465472,2168156644150607872,7637110133335523328,
7860736002262827008,8746638767307096064,6713828761835405312,
7648906166524706816,4552348120360419328,4107511846343278592,
2915164552003846144,7739803114915495936,8937672040685502464,
775333058256568320,7904798909271113728,7071945853690183680,
8006746215809024000,7552809816624726016,23413030666633216,
1198198908107358208,1506181018514620416,7956209062213844992,
5017398889884418048,2559930779069054976,3744497667137339392,
8702501883782103040,2791198657536327680,8294075129864912896,
1392360652844040192,1572419958363652096,4436916308730183680,
5204941956873977856,4385988626643681280,8789584308508557312,
645582933763031040,8551021887650529280,6623397795921395712,
5037463516802449408,930685787744239616,8128380239387557888,
7525613323497242624,4112032119033692160,2891493509766840320,
7744819610947420160,2917802989068484608,6329516698802061312,
8051230008137482240,6298233101910802432,5187175322142900224,
230163900073508864,186329249102168064,7171386621609115648,
5521165619895992320,1798393091342729216,8775007898175537152,
4803268175741321216,522294024925609984,3394001994749313024,
6546658137775013888,5869844503937941504,3857062046931615744,
7168373981223845888,3598773219240181760,8667169910847176704,
2900992332453117952,443596694915907584,6872915364091527168,
5027078543578759168,5731793234158419968,3516851159065165824,
5911614134633365504,2696202240170917888,8971437377054572544,
2001628852140376064,252905451258118144,3696494647326015488,
1111865740425691136,1504056860834004992,3230668103629144064,
3752918410082648064,7855777965030768640,8871245853147267072,
7495600049083121664,617090524448292864,5581191283960971264,
7895598144430276608,8173990743371677696,3527793271151525888,
652475355545731072,3954694118222856192,2899520348376530944,
209638573488472064,7341802080576733184,1806130174278762496,
637178275470245888,5791560414206623744,6490064869839077376,
5855794660890378240,4919052887654400000,8038576325813862400,
6043623656737734656,5501523991422042112,1233774706335678464,
5087884165114757120,2598720003108765696,2423831988537393152,
488562305265565696,7206137317965168640,3633940458704470016,
7341143374327447552,5901730220884361216,2529973747251675136,
4744434859022221312,2385369688818319360,5437314067138084864,
1868561436641329152,6001361582272020480,1159375616387055616,
8750690648044077056,6828289326741192704,2592255591996981248,
257026468083662848,7166194203716747264,4274840563854868480,
2613837115464613888,3387192740713332736,2821010373430214656,
3148010517419786240,7999443401311256576,5704466350118797312,
4324622383026536448,6135117695776980992,5412087014084313088,
7124876914681970688,162785741624049664,6098016819086360576,
949525863651606528,5268821696957120512,1624854173243670528,
1916038786815361024,2773292067000942592,1460111210727866368,
5949023347026165760,8060908768478625792,6150973508148002816,
1277305608629911552,1649646274959376384,7434418016613302272,
4010697571184934912,5774361943519264768,7940595876840341504,
6396144457745432576,4388263060935016448,7756691330050293760,
8453731072985792512,4758311640657559552,8853012892342026240,
5965229899311480832,1808377829449007104,7553825971527221248,
7294864680806252544,755588032739934208,1430657609207119872,
7597358179491512320,3741220229133369344,330644539704344576,
8215747819877695488,7117387488150159360,5828197438724243456,
2194280967412121600,742692101375918080,15151772741926912,
5666822228784709632,5160007631066103808,5171089784856117248,
8407785260904873984,7325399115142004736,4788149542967050240,
3576846242962997248,6944712206369947648,5886550895927230464,
7793668825215401984,6588690178087321600,689828235147476992,
7016976873666117632,3259917951901368320,696455872196378624,
8834222062529675264,1559343213171441664,6624584959241748480,
5931624022193209344,6148021731744284672,8781160473186795520,
4192841348887347200,367169787698085888,1421016464189554688,
7817930279426719744,6340037281323155456,4856122223674523648,
5553430462195564544,1427168708488331264,6023133136567664640,
3269772621218054144,4175724516938350592,4310566350931099648,
2161583540301463552,7067750783038521344,4771844524261507072,
3969483279760883712,5422652483308617728,1175890534439321600,
2669486749020848128,5496612202397827072,5037610035316785152,
3514195791239446528,2507661349199282176,3593527462148964352,
2183897686405545984,3937904670155997184,1935171839621857280,
6542390207298142208,8104051379959496704,4508757926042664960,
8660252977686118400,1168639435642765312,8628792565581217792,
6166012658257494016,5248127822970486784,134152650655531008,
7553093142732341248,1437083322663567360,8330195259363426304,
2249995291765768192,4901222124766625792,3968392770384560128,
5694182076698329088,224998772403339264,6236667872458833920,
1188635837005299712,2592946424601640960,4486952170922442752,
2533935373545897984,3613001956265558016,5870740000324190208,
8443753297021501440,8034041931270979584,1490220172718374912,
5112503798123724800,7827294639571861504,7768427950956871680,
9183119783745290240,4663771653761662976,6323258918566887424,
8494524105427517440,596687054675378176,3422213109475966976,
884365768047722496,6149566940718301184,5212783961566085120,
8576362937726271488,3912483007839076352,6188735638003515392,
1661868308774780928,1424087275611881472,5569537929585360896,
8301594831621193728,6886017359396470784,5704710308556177408,
8732511722222387200,4162638563336257536,6341273695033491456,
8921431489439072256,4693143152687579136,281295696185786368,
7686738613584789504,663422613002911744,4066049975824416768,
8427124167198900224,6248979516471902208,8131717789753802752,
6700688249263751168,1152395933753802752,9166601554273239040,
6911422468909432832,1943347112301297664,7732133832333197312,
2830221489142235136,2101946192819650560,6453855160207671296,
537301022909923328,983338753898577920,835567139904552960,
4803603612687138816,1456197164081348608,8700237637153193984,
3894498021265637376,8954024042038296576,8608694090025926656,
1806445115640643584,4353541995558338560,4840388023302488064,
5007085608254832640,3936950693495046144,6401004805946343424,
5859379429574180864,7000278792438546432,4171300507349942272,
5777193851680718848,8847263838098161664,8773324584528117760,
2859962840586911744,6330672332767494144,3237020115446792192,
2747661420165332992,2340729636989698048,1085849401231933440,
310218602957504512,5372674199447928832,7495551004851568640,
340363475169574912,2575696165198626816,5175176734001070080,
8577956735665307648,1146514624581992448,7887725160139063296,
5993703930461159424,6159911395220520960,1080432390909722624,
4837562269829169152,8653539024679469056,3825390876486533120,
5794223603167789056,5561912417014775808,6820578163932790784,
9167198142410522624,8063645195222122496,5060152291428925440,
1338655750414663680,3057410454348365824,7470112566392389632,
6562190371604922368,2422933717602271232,5370482030960181248,
3684274520476090368,1613795195097186304,5854248876390744064,
2713011797274656768,8643813620993490944,8580838663015890944,
1030132757595947008,5094618476266389504,4453265539829071872,
5273391855692677120,9085112817643683840,3962024175698182144,
7922458006611034112,7140529845682831360,1096260930238414848,
7482377043074613248,8450962326613393408,7492223298550366208,
5635030782075469824,7620758613019066368,6781025629715300352,
9023336413239705600,5036639776434814976,1894864318873206784,
4198284240682483712,1804685506194178048,5755843539187531776,
6397313053922164736,8622592642850488320,6107039514583105536,
3936234855590789120,3895825973613953024,8083710432025509888,
464356488060600320,6906069737067773952,2730957918689034240,
3245760640182124544,7859385247933136896,6535264658985582592,
5878749001934700544,7582289205129117696,5319170640790421504,
3077310051443015680,3922668015975399424,130110240321437696,
7815156963209117696,254499871967412224,1603641321178791936,
7461917042942148608,3521582580937785344,2758828300775194624,
4156534216512765952,7300556672114622464,1534893738176806912,
3831816693022195712,7974271538587238400,4140814309791891456,
4519932404449673216,7620014814877712384,1407370605765853184,
3754979779636363264,3810585119194873856,854444539077722112,
2528612835324329984,1731836027561050112,4247554408990113792,
6860496131147694080,7108208477318676480,9133677730846474240,
7519017950242668544,3326555121118085120,8095022018673508352,
169467267627614208,2423923007484329984,5550407260485713920,
4564524107831443456,5322524649471344640,2739417432304123904,
6011034355428753408,6881162813696376832,1536235219672104960,
6134644214287302656,6728237384976039936,6671148134216761344,
6806749597600317440,8632117252520411136,5749909041140727808,
5450769834604232704,8412917879967580160,4876617047401824256,
5948473831730446336,3718857064567537664,1239723309055082496,
5758614085151227904,4717939330327248896,4225807464857075712,
2089396659157991424,3061682215936065536,8295362975808618496,
6979646340779212800,3805003993877315584,3625448445071851520,
1380498094906408960,1294755725746110464,8781878883776462848,
4771581483284430848,4889080771911876608,177509705558523904,
1762428027343470592,8289103937148026880,2437044454696157184,
3780548085021671424,430479929218433024,2889134310000951296,
8502977911031070720,5080086432945537024,6631167984465346560,
5138604722403409920,4457405570474835968,2450797343704875008,
7121128954420789248,8136895819505729536,1937153743690661888,
5152087586818228224,596925786137559040,7078506738357370880,
6500779829695086592,2713057139244400640,5364253946128891904,
8298997463033839616,6122633763445800960,3017662473349103616,
329518476588744704,464693887806472192,8880084990331715584,
4376532100795334656,1187107468598050816,3944645118815895552,
3489950928486793216,3959739218736971776,6487352327408713728,
2165587497793355776,738393775415492608,3236935629145112576,
7545377646301937664,1356180179055017984,8961186320911171584,
791258805580070912,2200239568815390720,3442294521126191104,
8936673623997939712,5042919628506923008,1199710070875619328,
704386207185895424,5702631269507006464,2203473584699998208,
4001604090332184576,3947156369013997568,9195308952470945792,
3014667446624714752,2432843658853089280,6634256263519666176,
2559871568649912320,240101981950050304,9157041678626848768,
6744864234171006976,648021955496116224,4378303383962910720,
4578267754070540288,8023740593945444352,1083336875428544512,
3212820835182051328,4297004944449339392,2041885228418465792,
8573929812983283712,4408609734060408832,5712482897986846720,
4495196137308815360,2020892905744367616,4336300643917496320,
3770385238916595712,4044790162587123712,2589742104120918016,
8099071446984163328,8510465211554070528,7612360474486636544,
1018087435914969088,1796310453110964224,136893892057366528,
1425024214137569280,2852404982341173248,4695061169117855744,
2353459576457658368,5522598425280905216,3068104145526325248,
867440225352155136,4835718186965925888,46478598479020032,
7865296815149547520,4896949598674747392,8550562905970442240,
8599690464183975936,8299327488320864256,253257230554497024,
30553516875448320,7928446711440080896,140438511386886144,
7055001885584916480,3952530936469389312,5992234622149197824,
5446725431405314048,8365687924204765184,5412705558094413824,
2938362765586202624,8993233709016547328,2650119526007439360,
4464225587698860032,2797897062761365504,4098929075756728320,
1335609428895858688,5568373688505466880,7565848693090287616,
9192684740337991680,1225867211982241792,3773416218812219392,
2889854026260676608,8966311483910651904,4341355910619201536,
1362513821297541120,2540704173284917248,7758990877015408640,
8356524035953131520,828071172137549824,7406382248221474816,
1941394414010105856,4113770726090080256,8685414214661046272,
8040453995321360384,1973189472786841600,7401761481886269440,
4536846191819751424,8759300665903153152,3572288565402402816,
1779342377354264576,2339769488460742656,5369045196895944704,
8110500415088361472,7549186925811204096,2282636287301124096,
5263122803636305920,6552735460664279040,8270054915376676864,
3619283199907069952,1654502220818808832,1284881454198685696,
2180820836259201024,6720052367015804928,1245651175672381440,
5834979256509136896,3490578698086645760,4783074201588203520,
7759093543913652224,1709127049408413696,6110789768356823040,
7409979240382201856,7311168011589648384,3182067829960605696,
651468984578736128,2614621376492863488,1543578488466833408,
7562646524388179968,2663077983505350656,5207530117051449344,
4992410916185178112,8286425994974199808,4911935443945127936,
7766841570426355712,4254583419322761216,3783613102533115904,
3305890212390895616,7442201472311230464,7065416829090398208,
7182081283449683968,5628866477508526080,6112582242893037568,
1646451162888536064,1980126566524387328,3954061525374730240,
4686989164632080384,7570068305185079296,8802076727695114240,
2289864824634474496,8822326630912360448,3216461601649459200,
6283062349708394496,6295050780252569600,6369405254080921600,
8106484358673596416,8879944845548847104,3656859022671216640,
3457858662268141568,7281201006858207232,209092227878617088,
3690467030093266944,1357123010275835904,1354239639816241152,
8879785626816217088,1467744656103047168,6971589544772632576,
6949193107095158784,7643876944504684544,3687281070597734400,
7958023531277582336,4834131544442404864,4121751187642908672,
7191206405326503936,7814725185851883520,3709761157058265088,
5695014819317415936,5746731869148282880,3993344327056097280,
6341907013731090432,30916553281110016,2053902031516598272,
8082231868059025408,4695511762726813696,1361298457221922816,
4624614179225993216,7183167403369431040,1376349822218403840,
234168141033242624,142645102374813696,8135169517530644480,
4036253837776912384,5157393022480023552,4475206453275131904,
5521240124693676032,9048064223589957632,1431713965003505664,
7431977474461794304,2977957012526071808,4479278232595595264,
236084757304180736,3309448601385566208,1175401539527770112,
2929646125164003328,8323853533992452096,3559647566117208064,
5500821502276141056,6286647032492851200,2558581622467198976,
906461738403102720,4342701974844604416,6901084246404759552,
4796699177880911872,6871620908193153024,4635724589605847040,
4766933735964672000,4529501436966338560,2608242911971639296,
1246152479960203264,5457690603171086336,5194577986040365056,
1990873824534462464,2325495813192548352,5584062259144949760,
3892858404615487488,235751364762796032,8020130682523090944,
8020615399647215616,7653123729920098304,6527304963599630336,
7236503222079193088,3873215440406708224,517357879141859328,
7651658957093601280,4927792415957319680,8383967249181966336,
6485808643148087296,2929272995585196032,3925386738863702016,
6429398486847848448,2749753052058615808,5814939325653057536,
8276816284822274048,2596738966623354880,9077296952122540032,
4742850372572282880,6755510234032111616,6998657523888685056,
4025515238420905984,8447834177377665024,245415058358665216,
3864755102157897728,4621141384634564608,8068866750172626944,
333004383715328000,4973442326266380288,3087553724537634816,
4086574396171354112,3536235450278608896,4464482392383422464,
1944077119302664192,489712613471551488,1406342815796953088,
2609063907855171584,9019766586747125760,8673581253343051776,
2476857676248645632,2241966567665434624,5564170165358166016,
5563493269922381824,9082330164167180288,7439726931198607360,
3697955425832927232,8889718855379714048,4556707190043312128,
4011876574067425280,7389813458394415104,9143453106476941312,
6841822880360038400,2503910524194914304,4781959464301363200,
7987615331961012224,7718245501530800128,8305809126546472960,
7936268650044981248,8531632618569990144,3898831037676912640,
481511291815460864,2276315701759180800,1306167303527727104,
2318820519186530304,7979156565670232064,3916035448304041984,
7486608071192477696,4624102987923456000,181866292750319616,
1400776439397089280,2620107321040175104,7913646090929307648,
7368082203776909312,9053584678199492608,6935962700857999360,
355025222207799296,3253941247210946560,3237785362654822400,
7196341236297367552,2985952442039926784,6759197510700367872,
3660134218702258176,5717152987726479360,7248922313289105408,
7872621108778762240,5089499519494651904,1568209223966261248,
3800115311777153024,4416010070085599232,4766306773818671104,
1207593440397754368,3423057203693617152,3218262258098372608,
5864353044652621824,7683247981994180608,8222838905372672000,
5107206187892342784,830130690560360448,6194732056593825792,
6115982989408075776,4944509326321516544,4351978696182071296,
8065990281725476864,2151363377857822720,7252970208296435712,
7368494121205366784,3470192867744415744,4705773315770286080,
6983707455695880192,2132385570939207680,8694064751241592832,
4115697358224752640,287233973803810816,6357447674286833664,
6518871825378705408,2382661355455905792,889631960593334272,
2088643227404992512,6549300659353550848,5312134539466768384,
4596474154798022656,5590994933361147904,6418361756631957504,
837971007330320384,3980851169135165440,8161005373608689664,
794264866075443200,8587745365564850176,9006603770410303488,
1478549754437697536,9211240798648008704,4538088115973128192,
1415134437758205952,6845171885404061696,9161731731374473216,
3850559758503247872,4708692875624316928,2570153887860260864,
5726057391233957888,2730010496148176896,5190520504666030080,
6254971734584197120,6646379294043930624,5057598963436224512,
7847713030061162496,356091692652167168,980937734036127744,
3591109833647980544,8106499614397431808,1706222685148676096,
4812257851529494528,1087727251128057856,1078246424354750464,
478104618245554176,3385667653661097984,8737080489388539904,
5920608706684256256,2828860860682731520,5375020222254153728,
1591359638857580544,6123048970819207168,4425085997407010816,
1106158089666560000,4536073806376075264,7854204469402140672,
376625780970487808,6157923233384366080,5693774810719453184,
785568691172409344,5866722947477012480,5008178312359444480,
5655914631055540224,1543177467370405888,1260510774674063360,
1161349832464400384,3185513750941663232,8694543369512157184,
5743597711253307392,5772845128574042112,7785657719070916608,
3267205725423665152,5816015090406653952,2755097108066336768,
7735937283571843072,8398076611886317568,4046474021695389696,
1814911346584584192,4583316788774699008,6894868681403138048,
4178564478163484672,1835510490772537344,4252814751790268416,
1374861650410078208,2159184556253511680,3818062751746490368,
2542216396910100480,2251742218173808640,8746204043602296832,
8002310897571725312,5892749422793588736,937131511453319168,
7335256155280637952,4659779735063101440,666107624692908032,
6306140162472542208,3870062096892821504,6177134656459112448,
1807660922097893376,7327657073938792448,7638708316436168704,
7862532724521697280,3821261321266003968,6962747285146959872,
4276241857064730624,3028065597104586752,3632920640194871296,
7432402607504621568,4236223842881634304,4706711005915250688,
4442860126856019968,958729218357723136,7093225934878146560,
2101136204937297920,9115112326687621120,2120221265779228672,
5475585657424314368,9164694550139109376,7263979785729081344,
3913226960599252992,9121520928994361344,2423729171315294208,
1566678948593532928,1436843259761524736,6733348486252593152,
4182534037262303232,245627118073937920,8907650184926724096,
8233139203316121600,7062281082057523200,2791315785589456896,
611194865790746624,9211452935672692736,3748862315982749696,
7385570387188252672,5296854725159813120,4421799892159037440,
7092725455224045568,4832739670095822848,7972127679891636224,
5282867081828630528,4840441066148593664,318694046606295040,
6972632255457918976,7747166578646450176,5668025115980333056,
1994430766125154304,2254638044038561792,5459587166239719424,
6978495117745192960,219566665271083008,7486713890596716544,
3037906861828341760,2228996758568960000,8008702242699870208,
1410869767161511936,7577640401247404032,1654895077182406656,
7095086257012736000,4661141505983905792,6515424886490398720,
1953888349320118272,526917690363740160,8066631911184793600,
7332209807992029184,9114783263473270784,3050155051994578944,
6042754351062056960,1997952660782710784,8194179146952212480,
9162105921810202624,3543572706119122944,4482199755249680384,
6086015336136572928,3242458961382735872,5028226261919465472,
6228921636947492864,6494645521179738112,7291498268259778560,
2189842986295099392,3201525419085922304,6803403835256602624,
4843041892184621056,48317080704909312,2404171651185901568,
121276566335389696,4626051962478002176,3401204925487644672,
8000231527810072576,7402713001825927168,7084328648131477504,
6233726653084729344,2419520945178804224,8475226005617770496,
8503245594867793920,5934595168899432448,815574853120688128,
1737835834880557056,6703101290739662848,4201178095157248,
3665953581560758272,5432498214798360576,7144204864514424832,
3210158346300555264,66151571624296448,8086601636505452544,
1469743164515418112,1201005733659803648,746344700478226432,
5567023230528520192,6056441282258010112,5100455104893419520,
2157070208278200320,3079860407318347776,6414243913787244544,
8495582093311475712,287048147748782080,5306520042253320192,
6919094229687861248,7103592023130636288,3095493388196118528,
7412043590643220480,5915157933624131584,7185087056182247424,
4517477456977854464,4947898901626617856,6452963439097675776,
1684925690379501568,1533144453831720960,7234139095985815552,
5794966684049604608,2018313408515932160,6604975753475915776,
5171126051559964672,5687656797310025728,5865468095472074752,
3786208684414074880,6654401743197044736,2764802896636674048,
5442406257673633792,7119452263612940288,4637324619542429696,
721965847630839808,1629177367064739840,4263265618402213888,
6283619381196881920,3176586635647123456,7939312454712950784,
5272249450226515968,5933903155178766336,4214376349269229568,
5182250901619867648,5393202103013343232,8850233464385961984,
7458790676117848064,1699796482065956864,4122698232226643968,
9163378769728110592,6087549644483592192,1123016020986953728,
8913364587374444544,3148026954259628032,2420366074483572736,
8047708942408613888,3926228767202082816,6275972007242760192,
6055073786145800192,5339747713141440512,2998668165166137344,
7598105065714352128,5201118800325378048,3472505278136582144,
4199744821620899840,9114560822822043648,7905469774572814336,
6513308219232747520,935243869031759872,7432777545264660480,
2892300452517380096,2682794395949858816,8870898506257137664,
8828003740159049728,6039335282216534016,6630110859869814784,
274811983490973696,4313332344229462016,5739020607555633152,
1110925945746751488,9085327677677633536,6815640020989247488,
2678967339570954240,3933150635280564224,47803840702971904,
6991807429008687104,2210696946597756928,2921131618787655680,
3623153102879719424,8630380264666693632,5395436297756082176,
4335175233636925440,5185000058646429696,3177166911498616832,
3737189080203526144,8820698799652470784,3165305521792090112,
1414503812005101568,1662602739592462336,7868428769726300160,
7923883385997492224,4454929702217318400,2356004752602431488,
2161276067887710208,992173759324487680,1965225284865097728,
3331317784582815744,3151711765616656384,3668714279164444672,
7293532334706393088,5655064657027661824,7738760580323868672,
2541566585538084864,949449048161517568,165152341618589696,
2015837978345078784,1131614257750736896,7426841217561788416,
1622037636770168832,8145897422418083840,5089167965199269888,
9029054814301978624,4209780949010874368,6506507787059593216,
8080417759772540928,5332331086305296384,4656607970434482176,
4798739832807358464,8298173095600979968,5200475281080451072,
8652947959870128128,4126730557977526272,1054747386968014848,
8095534906488127488,6778095456997081088,3937974304460767232,
7673577283306651648,7414818590488002560,7968356552576860160,
8508515506855084032,1059473972707459072,3913887002583367680,
4179695983002648576,6435653724462383104,3502079314835275776,
6712232885132197888,4287885710972682240,2976362862399717376,
9218138550485123072,2140566912407437312,8619234691389587456,
8735192112527572992,1471360271241969664,6326335433705783296,
3314784136178171904,3364138528794476544,3402669848637997056,
5945652386109325312,6741824436707524608,1368730425681248256,
1610647276126994432,3510227129788792832,8629888727134502912,
6851216033965932544,2358164077475266560,7176516835490136064,
6197618386285887488,4396882020916002816,3224866839762829312,
6806791348977401856,5669925621828943872,1488087919024406528,
859839129670647808,1439243210177118208,6256815727253127168,
8222522701290405888,4415096560606511104,3228092420331667456,
4228162979541024768,2627839460468850688,5309893618805243904,
9220587394808414208,5594852892029747200,5954770979635855360,
281343920078585856,6822372807427489792,7338203890120130560,
8435567982708523008,1906578275237363712,3775599707171061760,
8196517318558220288,8320838131943211008,5522159977839460352,
3957561807756853248,2342559262993022976,2718243028786479104,
7187611809757528064,6116644873933160448,3966069845912453120,
6158655825956044800,164580763075870720,352090337910456320,
4653037705855238144,4590878181778522112,1664598400441516032,
165054708422017024,936702800702734336,810651205691768832,
3919897405587193856,2057898683269120000,4097662343872249856,
1649128293313544192,790586634608312320,2874283764790329344,
6551066341883772928,3858481267334971392,7939802536251228160,
7585967964877225984,3461608323336372224,127639964111339520,
915361984382238720,6016556545205075968,4464992170641719296,
6400351979507286016,1425499873175666688,7897232349421633536,
865611716040327168,5046384112336633856,4689393422899871744,
6470049501900963840,3859260292798087168,2918148660921368576,
2232523678338252800,3795267268657545216,1614542467867082752,
5823659131466153984,8423691156889534464,1919153162090971136,
2256911889919377408,4235982749187440640,7084499742448680960,
5674130570905387008,451763429200363520,3477510194936676352,
1630552916240629760,642249188737810432,5156072509015064576,
3717125097530589184,7965796597449621504,6137244662366208000,
1151420615400357888,7994470507787321344,5928601116836102144,
763971796016824320,4823402110546608128,4660306117664964608,
742101294264614912,8546204609381662720,5714349104226631680,
8962315824295575552,2655664350261411840,3930946526783733760,
8457024556987580416,7828358017639776256,8195958934155034624,
7432639350396944384,8796445651907903488,7048725795904159744,
6742335232873070592,7434075939648045056,9003544503860068352,
9017233372086272000,5880516191998443520,7694429126190432256,
8535182409040134144,3731891019000578048,3562437886110334976,
131883241475932160,7656382076794437632,8576833193695510528,
4580474615641407488,2526543185073668096,198221201795973120,
481919013060870144,1190064703905202176,7366139413975269376,
433177052716204032,4544117421128024064,7574132366449311744,
72865421551730688,3982639340114149376,4234185296784130048,
8676329319447920640,5697094670115405824,1767046916777967616,
1247863075239886848,3047843672394563584,2574147335567179776,
568367595103715328,7495837758343086080,1451091543183065088,
510194578066767872,3423429598833016832,3069959227800813568,
8259555979490754560,6357393574878773248,7902567158364766208,
934022792649637888,798219225285001216,2273353488584933376,
2936346540433735680,67517049101877248,258683513711099904,
4635128469619998720,6728695799720443904,1346881776722640896,
7770874076565864448,984414041910804480,8220163325430857728,
1548014811726479360,7192111702828122112,4738939104769605632,
1251335504759095296,495370391070441472,3753434085331042304,
8635461047769104384,7285650330983858176,1359350423265214464,
8846467083010048000,4682384152236916736,5374964374794403840,
7255808481599422464,7712555095065362432,3260175731543506944,
7766231083774902272,6272595703386603520,8120889051919155200,
4608740628640038912,9002282620993667072,4775908143144108032,
8628990954415587328,4892930179300589568,712476297778954240,
8838946870152658944,2389267156891074560,5122340673390903296,
2442383696045539328,1515421722256343040,8421140770949431296,
158395602147737600,1172822570580312064,6850669349053661184,
4319386830777614336,4575139682144223232,4168183503554347008,
1671499326259462144,8894844147228213248,7609974856376909824,
955966356090519552,2510879946151297024,2117612979385008128,
1308247807160745984,7504804318617272320,2603354560583958528,
3221084420979032064,2535267672401117184,3814827876868423680,
8369560429927596032,507954533578571776,6513777062157746176,
8281581258979409920,4730798969217613824,1082110026610376704,
7768174930138497024,8974327524972560384,8925691332492525568,
5358256479566561280,2966630466506981376,3426484278358179840,
305682782485479424,3857950628420517888,4599214322458034176,
528713983125880832,1722895249975541760,8826161877793898496,
6702100125273030656,2572986397317136384,1239730627679354880,
7053492470868344832,473572238042333184,5207667727803613184,
110776234585096192,448651880013234176,9083942872847220736,
6157625656575262720,199859431171686400,4711125145668812800,
450530687687065600,3699305991184056320,3836187045584175104,
3725992422585401344,7452364301236436992,7821590802743689216,
9007014356398899200,7177976832312999936,5306632188144386048,
3074665541294620672,5384306160591437824,5339670893356384256,
5905148886002958336,3758788071303151616,2397152235810193408,
1864632585242542080,4964022964770045952,6520664458828709888,
4614857533947904000,4505767576537661440,3796715974011387904,
2449756200682651648,6427312000325386240,4646038000084451328,
2893084382833147904,8878181860258086912,1474022201777717248,
412286997508390912,733285745040556032,6182277480364113920,
4282173065166585856,6207165514469343232,835766404912250880,
1996755357044572160,2128309711399813120,5116493590813474816,
3235387606967517184,439995493687230464,2360616709959712768,
1558040536705662976,8416158690490449920,6291678844378152960,
6350097799832403968,2276651173064736768,2722474061199310848,
4573974427452047360,3036588667645722624,1751357538684633088,
7419426377432039424,694849507183034368,3487606567832911872,
8988854044965470208,5294226480052568064,7115714649927974912,
2230821273561202688,4753004852081065984,968069299052740608,
3143317355115839488,8741394547814170624,1065531392718274560,
1277119357373120512,393581384142159872,4086602734365573120,
2487779413010153472,6065387050595516416,8333212005737431040,
1867701893426315264,2363059378120032256,3616467389283041280,
781314736519118848,8321945962922639360,564231193705316352,
2473317768498249728,8574274393914474496,5747888898978086912,
6094644891801878528,3356662322172002304,7899590110373478400,
8729839492355063808,6132625845946155008,1147318638164836352,
5511808621324795904,4573728338710888448,5613163110706708480,
8423463536507748352,921569629464166400,1509435551458000896,
2575795799849959424,8990049600651919360,6417477392800940032,
4976099635417317376,1465508842157637632,6047199814012108800,
819571908600135680,1115665820115009536,4699995575439851520,
4803000036638064640,193466368056623104,3519567940628250624,
8013528016414048256,3996219721761423360,5589335997948100608,
863972537476841472,172914562998206464,2093026035372130304,
6539950652989112320,187827780371611648,7728794684239118336,
4281808383788449792,8586302527136333824,5225616597997060096,
5634896637361913856,4671704612976197632,6600520871662583808,
2084901829853839360,5205409515603755008,8690470327471308800,
4829635138885255168,3734878057085796352,4592421805909606400,
2362549578386898944,2317454779715944448,6364139576931385344,
956718284604964864,7894062298484965376,235086795883151360,
7051354092551012352,160339886597996544,7719357520103342080,
5647667649602125824,8148005581345521664,791845313429110784,
5942488721789026304,2391430278514999296,3491263075355459584,
2544689872870834176,9111435512559697920,165007871803654144,
6290135151527591936,4687339384855330816,6226414570047537152,
1875852848000925696,5702250211418570752,8700051248457449472,
708818656385040384,8587163663784214528,7024035025351868416,
4646155948476334080,5574669006754807808,3804615952172056576,
2001367962941915136,254148943074557952,5679856969196765184,
8141411445041528832,8149526549524119552,2764167159872487424,
4595118126248493056,7729327659615780864,3532354526419877888,
1860811271234912256,8013925081845596160,8948949581127745536,
3247025538115567616,6008924830701715456,3532156670161453056,
5999463820907511808,2151297858131722240,1636322878385291264,
840537344778960896,1419030819204235264,3956320600863014912,
157235458466643968,4929318752845037568,5027349203827818496,
8022262781598236672,5490777768499085312,100926865258053632,
9122380171561664512,4146842721593589760,7359808284288614400,
6388857178144374784,438648338540134400,2258318470233980928,
3940170265404637184,3625313445659803648,6031319653471485952,
7834618860186632192,5782948678360629248,4072628770505228288,
2425470028934545408,6676234552316264448,4800808774388416512,
3340977801686679552,2719381199414886400,3916964677363433472,
3751863097963315200,7686189029569593344,4579935704619941888,
5256963245008224256,8265876174190673920,1368243402159685632,
5337362679147266048,1914036567551246336,2561145241201541120,
5138393732134993920,6358872585521856512,719286891844730880,
3708219658935992320,6022749935290548224,3887776165519163392,
2115035582395580416,6546649504890748928,2263928766969413632,
4901469046731440128,6172577051912962048,8043692319058165760,
1909012997708185600,2652811160537006080,5148049909538095104,
440640821113389056,661155875292971008,2476889111114285056,
8929570022968262656,4275808494864564224,1526282539201724416,
5493172620788498432,7599340989798416384,86333494099181568,
9196644549861048320,3410380581949669376,7175722653087432704,
180239256059379712,4434753509228806144,5593945958145589248,
7961593306230554624,5085270656040304640,8116380431475015680,
3359763718056443904,2705154665707732992,1906959999045730304,
860984631808229376,3103140332653510656,3115197224976384000,
536384189126148096,1195277479942553600,3900389415020658688,
8856095965895983104,8701010817165819904,7884727367455735808,
1545339936159301632,8910508489957179392,3893976762559758336,
8182415227233501184,7932981651443810304,1975705902715502592,
513273695955845120,4809804626339561472,5302270154934059008,
5374005871237922816,5811039911960117248,3181193357439270912,
4158037300447543296,2601153943895539712,1855576161367621632,
2288600119974559744,704170857525673984,2892292884785004544,
4808018800412721152,7565492073365766144,1393169811797704704,
4566998056238579712,7286052657750343680,7546079611461828608,
5087553727510872064,2679253113809928192,5130433624432181248,
1927783383476207616,5953077839103262720,7944556210349408256,
9019783985659641856,7378433212399222784,2400160005702549504,
2275759297335918592,6310968461627490304,406903865888210944,
1295251575425466368,7915835059666419712,1996088340033568768,
1375920424273051648,2508234886247088128,5084165260307333120,
9218256043610472448,5347832615414005760,7079013630397644800,
7328638864807952384,1685293154896445440,1335212410708951040,
4737713316808359936,1101235752202665984,7815950771949666304,
2178661154904080384,2464481577661366272,4636749458996985856,
1802030164138262528,407850459500380160,5006326975296438272,
4728933132345016320,8718358263088807936,2004390941313466368,
7816228072218165248,7765752663072833536,5112673148684206080,
3538301990972948480,3845743888983654400,5131448477959585792,
1304491518957977600,5778037237228765184,4690350208469434368,
2241381210867630080,4147384183825629184,5860211777056276480,
2362684259971366912,121928774299156480,376666385591304192,
2083490387636256768,6416400223593037824,1155864441967869952,
5747126001117167616,1195588873661448192,1619596678006833152,
111091485184622592,8506648166743932928,8343150972377235456,
2507720426474438656,6381530629657329664,8940613595067056128,
1942040222472601600,9167960550645170176,3782606641371807744,
4158272484266737664,260291115675025408,8901530165767569408,
140706929663016960,3232908414405312512,2095355982115766272,
6668388591959277568,8484400605517840384,4374040491482677248,
299164422289489920,8644120784169598976,1091411087527510016,
3626371506558205952,7899709939961036800,7847063124199866368,
33031579861254144,790360800932921344,8514944329867853824,
3944664381744218112,3000926102488088576,4382554057261187072,
6782045349440651264,8698088280899452928,1638948091245625344,
8608892440205590528,8061109094343245824,7862043437552369664,
4592675956304379904,8054067259238252544,3820001465624166400,
3513119450960232448,2254962923954765824,3443088029219028992,
8945646253060915200,4930608961020755968,4580552526348156928,
3407162311415169024,8622785495472013312,8964100791228956672,
6779096034053193728,1178477646644772864,2397656722668781568,
5817726454485483520,5374423621231968256,6022843075951329280,
8762085458273370112,4759937972973862912,541447659215388672,
974962584123867136,2596929972408942592,6757750806801285120,
5560658174895194112,2632057723943911424,2125844636395110400,
912334616554110976,3696862386720866304,4773162645429682176,
2269093306229063680,7883791017340567552,4453184321997504512,
1772441601860173824,8402632425431105536,8405720635765948416,
4862180244980760576,6747040124732702720,8810727990125133824,
485434100195262464,2634187709895147520,2209986580481835008,
5757595782765084672,8801435669466447872,1670214040116264960,
6964825924764172288,8656102441550348288,6376123115507810304,
2677069320508407808,5918731754436296704,6593177044522106880,
8958741775850143744,3510414901464006656,5868040647738392576,
4315873036428378112,8599316278043213824,596164464529637376,
4710051150441742336,7757606136609505280,7450094952186380288,
6463243061068562432,1583999160128897024,4031728587219402752,
1009365564222603264,8385484643947773952,4405014326742614016,
5299753643401019392,7658020550983286784,8172714579739017216,
5160413325086949376,3293141392246702080,790767001759907840,
2223234269667393536,6664422739417235456,5620420626184404992,
7236842176603226112,2311721341973168128,2452064079884320768,
8020832046387560448,7921611640355684352,8648260707441180672,
4831755796167524352,6585332046237794304,7702890860303613952,
2123537328424091648,3880010216107933696,425601095478280192,
139288091511750656,8981141619436683264,5670051090708561920,
7145750683373797376,5898603055196143616,5633204574866112512,
3258978848712163328,692276950621749248,1744720259434151936,
2813638710606692352,5443322876709044224,1586647913704980480,
2195019117671481344,6372836112611672064,4131292680829272064,
7526245645762428928,8901928343595646976,5723274385570136064,
8180605186281046016,4569489601126727680,8422410423411671040,
3955696181337653248,4863079134391173120,1325013499763490816,
3529979735922704384,7395099459329196032,1875368474474184704,
1670406033744330752,6985168771073703936,4765658680433573888,
5578737131058102272,8308615380868268032,2615236686392590336,
6138134437856018432,3816571659360403456,356413368522768384,
7014690357631778816,4147099668012072960,425452738717941760,
4028986611378159616,2590664667391066112,3011744807279132672,
3963225559655251968,4404309904861429760,8581695517581377536,
1507996934982336512,1576999553142358016,2567923687437107200,
4062775054671282176,803686757307514880,319348402053709824,
591670721852211200,204284308343488512,8507659988024426496,
8958756928494764032,4112853918076108800,6953312646451953664,
8816964969833693184,8919562006139240448,6098246032901013504,
107225619481231360,7484649119428902912,5442001637394612224,
7931612677862850560,9141759012461608960,3424177764956110848,
6358491531728388096,8429086511986638848,4645735024501456896,
3458927232951517184,7977924081854971904,3144172367140356096,
5255873259617910784,8976531925527166976,5215357312696320,
6257627248438804480,5183018433750499328,416548403929939968,
289333632990969856,8393973835786878976,6488829061719130112,
6834084659257671680,2732570812052668416,8015343327291375616,
1796782981117902848,6186630180610506752,3535922823904100352,
9038710884330897408,4854488405230223360,2147949140850507776,
2477396488485863424,8500929641127608320,1656689162331357184,
4344562228259717120,8496282310419677184,8299175205960417280,
2062731522204499968,961399485424992256,4083126538160046080,
1732380689543725056,2707856217316786176,15183714413707264,
7940664016496492544,4985050544830676992,8855538423306387456,
5796642640418045952,971114783052922880,3861745472544702464,
4617113413980520448,1229337511197671424,8205406719744933888,
8768767641406930944,2241362836997537792,6742309102292041728,
4889319344460267520,5061451111014072320,7655037060541054976,
3916515084481855488,1500207045423398912,7343452078162837504,
626193046207201280,6366562028680642560,1646684590066106368,
1493573335290740736,5577558617801883648,6649886405424054272,
4051324908083347456,5335947242610098176,79995810292432896,
8450025744569991168,226314234986758144,645021534292803584,
4531236719718039552,928944663837016064,1586039600306978816,
137415150763245568,2196633028942364672,3528117420923289600,
4525800382042996736,6193727876060151808,5553181822243831808,
2772919598847098880,8653757080169086976,5425683080952152064,
2724664670613929984,1484166274580742144,6467096162129149952,
3248808563723730944,5934982149747769344,7145109182763499520,
220927186356404224,1553207049230221312,3599974753521106944,
1494930119754514432,4828733466336034816,6975699712510787584,
7979745646204682240,5731845903342370816,3958613782686597120,
622635408831807488,3586275547308621824,8215332603914354688,
3283520051323338752,5814328259181019136,3307189010501206016,
7692473000515338240,5219761526780461056,337837617787699200,
2773135064471437312,7327600157032185856,6358795061362163712,
7571551481946439680,7075846019002400768,4055282729036546048,
8424388792722391040,207902972909191168,2253023849299836928,
2018632997032427520,4085295625493544960,6612890583633494016,
3409988176557637632,8849986847363825664,8383017004847595520,
4553737963187470336,7475588035514466304,5362956771516219392,
5478023820163940352,2155257616115171328,7708916836858855424,
8819466380261720064,2145027721275637760,7298048797760815104,
8638046111275155456,156013127954071552,3745458438436552704,
5092421145227952128,8865350658346188800,3803252501919039488,
1397611447931895808,1542381975002677248,3368688282140409856,
2229562027804721152,7560198238410637312,130321780345667584,
4408775811855810560,8508934772972584960,5263514242660696064,
8604692056679383040,7480288662471573504,1048570365002907648,
2128866347751309312,1062073849555714048,2999246619951497216,
5498706007544561664,4436203473008066560,2191683641774440448,
2888156036710006784,2737623802421706752,8235877305096863744,
8736049194726326272,1686383909085904896,5653730103314612224,
7008077804508020736,1967486258728927232,90090911878348800,
7182765020768370688,7087851298703278080,4339403298227355648,
3561845777623941120,768192563457818624,7971479225729286144,
9200458794352508928,4868869321536831488,5318206115689791488,
7019184654359986176,8361174330188496896,1205252103400849408,
4786830296517443584,1007732750800650240,2949408107211522048,
8444821708791087104,735040750282080256,4701495283530334208,
5741830976456097792,5135024128427819008,1036301103727116288,
4546523766749921280,5804174282183409664,3467646321505075200,
8430916954033750016,6205999551107563520,2436733481884057600,
5053256124434743296,8693221296974069760,7307803750821789696,
3697968783181217792,427469861518573568,8263675243969642496,
3671252652081020928,650013836773949440,8174135513834323968,
1168684751842705408,7293273184969687040,8172482758879215616,
7446748648676786176,6605525749807972352,7043456382133075968,
4777250848705085440,6211938807978131456,1020887621447974912,
6963224206905442304,6296815131342929920,6975198837719695360,
552021482151084032,2782813068898336768,5790832988480602112,
5009119270974521344,4039772854806380544,671590180511023104,
5451403531258953728,4828842747483914240,5568964980948074496,
7001668472056840192,7553802516710817792,4270880243230703616,
3629863456703774720,3864552955227144192,5012795771569831936,
440131725754892288,4639731429020794880,852770597048942592,
727842986389405696,5461154279546945536,1959462319222161408,
5669981611022614528,8189847539290210304,519678900943454208,
4685436417990459392,3309478850840231936,5055138204873654272,
5446511924286062592,295362972505604096,5812003350434021376,
5888812896288243712,8587956519042023424,7090710935173595136,
7164166034260230144,6356399148215828480,4778591204918951936,
4245262863549071360,7464059935270109184,6105750599192543232,
627959102399578112,9006126603838685184,4091301226723934208,
3944634832369221632,3185555644052668416,8875188169268527104,
2731122484655947776,3263197365590294528,4524719166975901696,
3216541805868744704,164791873603371008,4750722003948797952,
4929134120790917120,9210732274520162304,3854487282757140480,
9018700305281318912,8988118652075114496,3789327732614103040,
7181309456351756288,5645300057470140416,8677073474071560192,
1087707683257057280,7662232672655114240,4075210088799797248,
7277442635596300288,365486383856353280,1670166142640979968,
7800340090542096384,666160787798097920,7917847281909366784,
5450329621931229184,8730241226416062464,1692049606604488704,
3902705033753395200,1513037667514712064,7249954252196413440,
399326680289640448,397079957127299072,7718551917382598656,
1853317889038221312,3106558856038187008,1201175118580023296,
6163127702954967040,7816629466976747520,8937734227516981248,
5715689554929778688,6016406822645137408,708361895203045376,
1386537536184123392,2188868595654590464,5830920039968014336,
6451723954485723136,6386260702910218240,2994386791441629184,
3253493840467722240,550178928296198144,1807655617813282816,
3184810213823741952,3645791347215958016,4038567734227763200,
151047939601465344,3773983274754375680,9079594119675772928,
5826837875416629248,1975123105718206464,2753755179894439936,
8385234754160558080,3191313146497204224,3621325259287822336,
3199636745872211968,1652188702325080064,2374294308191731712,
6213633069497188352,5637328873046671360,2069677794287157248,
7624851205751046144,5481486160804970496,8989738881242890240,
5483304598418489344,4572171262742233088,5133321951284035584,
1731198147608182784,6745064190668439552,8702468026554908672,
3599314243385556992,3322770275677765632,882623394305015808,
6271146263593353216,2738905493677277184,46669582789771264,
8703012920465817600,3009997468554231808,3552772251189248000,
89884457095397376,8197905451988287488,8441921373210673152,
2963943917218693120,351419236385554432,3048071967086215168,
356765336797708288,1390283112738455552,3406103133825269760,
4911335656057208832,6654720528554655744,3956917738756112384,
9027916081032855552,5345676348557885440,8104206780466200576,
7278080876326420480,7544900612874305536,4685324169020178432,
5706696683685937152,6704297237268135936,850185731111387136,
8325457987745349632,3978070358199631872,6378721562131955712,
3587886894484029440,500124490370383872,5392387364897161216,
7076951590829031424,6578647165864771584,4634584056745426944,
4848291201213792256,4518595686073106432,4168020170243047424,
8583998878477451264,8840731390409441280,241451799976869888,
5140446206811439104,7711572956303851520,3176332751540322304,
3680579809219444736,7793935422425399296,4869321023247351808,
3742660636610396160,9180906840500731904,7785876878367129600,
3070891613661167616,1575861790535843840,1190820253077078016,
2477763351707385856,4472620290257453056,6437333567776227328,
2839479342688370688,4691832650791387136,5191752709308416000,
1954383911236665344,1385351081533374464,7785518209943207936,
6860313573562777600,6981986397875863552,612597168317923328,
8808308158305927168,1991098584468029440,6973995259034337280,
2079676052950482944,7150366497611710464,6410784515198812160,
2614658021153832960,4129889828546281472,210932526875672576,
4136767625965338624,5887885887726944256,3145782696408514560,
5154966524871573504,4628289271072030720,2251721980287909888,
1311633714563776512,6531905955905404928,8330615981474840576,
2684537310858444800,4817961134306885632,140833025607860224,
1553536159689211904,6792110454974971904,1344210057956425728,
6540321647969173504,1134164368812933120,5328369829378260992,
8668036764096528384,5407729009553309696,3728280295829405696,
2561695435102093312,7478701861034262528,6351490730740940800,
1730970909478486016,3043770385540579328,6293509509763563520,
6434299830511599616,9092542247777337344,3356899589050335232,
3675566044786720768,1436345966973157376,5785184397816758272,
5976251558487130112,7722193963750260736,5668009027032842240,
4387394201935937536,1300995007557140480,3420189067483021312,
6727348335335702528,6126323002914111488,719251282270879744,
7583866798156546048,9082661001203023872,284999340974407680,
7027702777098797056,1577094390315220992,7049560058941669376,
8246155359404687360,8530966147019833344,428305657859407872,
165876236881494016,2352514945645543424,2851635139518136320,
2594344612550148096,3962049279782027264,6431700035267723264,
5388283704034459648,8626628494769520640,7152826839562452992,
1809920242399313920,7387950653768728576,6317431489759805440,
8521236830618648576,6743195085325729792,6190638677882830848,
6756833221398233088,5596311282534842368,3264002689138163712,
3246618023028588544,766225507090956288,6835810252563152896,
3366032630846849024,1763308414034771968,5958831669350760448,
7626960270916583424,8142951427040346112,3829554327588962304,
5513209910239690752,3774734863966404608,1628590210675638272,
1791941702571786240,4971733144030937088,8042426905728647168,
5746791169761738752,5305284998637551616,2489963683053043712,
1594145590868967424,2839233430040870912,1670275110256246784,
838750835952320512,4470774356263305216,663815795784024064,
624031105699282944,368912427728764928,2732222176672350208,
5092669372862824448,1730756345797279744,892121237738749952,
8279850301259776000,1416126966045605888,8680621005388906496,
8402060885543092224,8437598570231627776,339450725899698176,
3640211342884864000,642481116971794432,5530169997357219840,
4705168369626644480,6084797940541423616,3321449616183918592,
4991855684287987712,3236056041317728256,4950632987612938240,
8238962337155907584,2075348237744603136,9095143219842252800,
7442581009981243392,4586752135546273792,7134652964622303232,
5493997172904951808,5349811401336553472,1109913767983972352,
6019667248283648,4583677407113773056,505892966456360960,
867620077107675136,6171986446665121792,9032572877848707072,
7089864766486740992,9139874694344736768,1771546075409154048,
4546759513209831424,5598063186809978880,2057311075908452352,
3365241463511187456,8100887702754295808,5742069931256578048,
7315255261382311936,5267427958594732032,4669107450547273728,
8731558986806984704,8761479687496007680,1506713645998931968,
1169497063302365184,6125680110734409728,7786030977498742784,
7168843081846882304,728079699216957440,1528822393882017792,
2359487610302234624,3056034501445550080,7728729486635565056,
6646459489673281536,5736256607122096128,7066154687291981824,
4100108521020850176,8009086028092538880,8993727737629769728,
3886800018237030400,6598739800264540160,772512712147075072,
7917938008798527488,1800057803486789632,4352706658779004928,
4402355875130376192,7022779267108831232,5688770435085238272,
8646774580037287936,3177985399121248256,3965455133013180416,
4181255227929788416,1626656676528521216,6673936903726694400,
6186542644882046976,4719649045138636800,2136504354381758464,
8477645201781817344,2684800184331796480,2699567505961123840,
6424941208442765312,5215207577251479552,6008086251222073344,
225378675145572352,5424777113435635712,1005266206917132288,
8098453547219156992,989460134562365440,6137734219918475264,
3026012972104286208,5934311958755934208,4488781285824659456,
7366868712307032064,5146689779294797824,6096881302747742208,
6898207404295454720,2521840324733566976,826488502458777600,
8460576520711176192,3585801747991363584,2763406495394562048,
3382181213958569984,1362761980212936704,3664674656264126464,
1726651048552038400,1372834387191660544,1976159026060197888,
3909198380059852800,5248542502062915584,9112600092942008320,
4511568239108554752,6135837759929057280,2689306695946993664,
7775745948164030464,1679711896434900992,3389823799024156672,
1577482247336886272,2621956579339010048,2713638750830723072,
315905672233353216,8528794804828504064,4242310941116465152,
1388484380434890752,3169298978088943616,7906629961203580928,
5665659568252780544,8168083879144456192,5478577883830026240,
27276572792717312,726533863177715712,3210861892008411136,
7541347506689409024,9028861179996405760,1907252391829307392,
8512151832326307840,2952624904572239872,5914369291729240064,
7474158159297249280,1407137041149329408,2311918536806629376,
5168042930761367552,8053178424346279936,8596041958185500672,
6026476394945445888,726721883961032704,6252283054992130048,
1332406001768333312,3276242980859543552,8001229703979466752,
8981673134524465152,7476873527816093696,964024672515522560,
4572149895279935488,1439398232726700032,3719698873862586368,
3775581281761361920,5456150792970960896,2703196267994939392,
2433166468595056640,917212200458780672,3887256534605889536,
9209318641869258752,4288206416180674560,2299742287342600192,
3733467048659910656,8434993685451505664,7036582978465562624,
4294506506138681344,9039158368383533056,1709973956829642752,
671700857523273728,1736807224572903424,4416092563522453504,
8882668804002283520,3910814859721179136,8487535188614578176,
2799676948748435456,2603451403506548736,2428308405316747264,
8467506381723795456,4660918468332224512,8753584257705705472,
4708441169065934848,4672398980338941952,3964565129890103296,
1778944723512197120,6419700223060213760,9212142209204224,
2989450241930952704,4148751293390782464,7111407484924854272,
8175639714460598272,7535713609108684800,687519574261760000,
5977989547068227584,4832849535359254528,5542882430538481664,
7776632622687453184,4618953523999014912,3634104221512499200,
1847003037277618176,4710809431212818432,8938515632391979008,
8736213172282720256,1513109195900059648,3840292540397912064,
3713257071458648064,5435707637700231168,5993732693857140736,
5316592616735768576,6429374735678701568,8247173949553639424,
2722992592600956928,489519640590942208,1472554890625548288,
1221616766317232128,1306798083899654144,5060519932039528448,
4765963756255576064,7982620869111316480,2567256794980155392,
1600334372454531072,970314815329271808,5394612888100929536,
6483724080770973696,4170044482818932736,5387023302931775488,
7895136753273536512,2838924256820068352,3997521083967209472,
1486724915447988224,6527329655366615040,9180273861105549312,
1840461978179469312,7862502724175134720,5744793898299949056,
772282978641379328,310962018846769152,4226667463338622976,
5202017784225071104,6294617628505800704,8975265863657586688,
5113918766509457408,6547350606762213376,1945361928704491520,
6102674165658025984,1188800145274175488,3604042027420876800,
5588655030883319808,7169898849232748544,371987555593224192,
2286787695315255296,6532023423260950528,4258549946174668800,
3432627550470275072,517527706443710464,8903095011332063232,
176523439333441536,7140533096973074432,6391450689851097088,
86614943306088448,6164525757759488000,6575334058157408256,
1600010527625445376,225400399090155520,8359030853744984064,
8866966635496341504,3445856779886395392,7424956551552565248,
3155519838240112640,4944565848091131904,4695936354603761664,
6550923336652685312,6789724102425837568,5958691185265475584,
3296472964018470912,8261332631367450624,4419613968553738240,
5642115334925189120,4974388163964305408,5409121549619822592,
3459866391975297024,5307244371307921408,663980335981133824,
2585508125360521216,8545929679935111168,5742991175971766272,
7927041346601222144,2513299447258021888,8650950211666968576,
3276671867703787520,8927702669972209664,7919819625380970496,
5875957629674586112,1636381161091497984,543407362598240256,
333349553057038336,6503432929778073600,1948487200312131584,
2924138460967075840,232754147605086208,122812257661878272,
5782453610365321216,4384139875150987264,352457948456288256,
8811164049564762112,7574099097632636928,1071692445994975232,
6713478000446275584,3700545918177640448,4192877117374988288,
4487246904463196160,7308282459286667264,3133414122603937792,
2515677480455503872,5985407870416453632,2782236808841265152,
657353545040789504,9188687530239721472,4288906959706390528,
1059645672615051264,8397890184535867392,8388541114474299392,
268831902956257280,3269523470165213184,8722015118503706624,
1597484910761738240,3799664627973881856,7600626202927169536,
9061694555706884096,799007600891920384,551497350112083968,
2022454298155155456,6619099671824433152,717075095356440576,
7942566098598100992,7009308127954731008,1231259427458252800,
5078463089926471680,1571615833111658496,2939178079228002304,
7317561152014123008,7764876184801771520,4670281819160051712,
1775976153786351616,1815558327573151744,8805707534133362688,
3942675305080029184,7452408724083179520,3166949373279993856,
7331261251579805696,4363595749494095872,674346407053754368,
7950349515641323520,8368401810959892480,1459759702014427136,
3037599436659228672,275489222524141568,5618531635143114752,
4540922596819992576,395363701080719360,6745221966292058112,
9077374480577200128,8327179771414839296,7618184673478311936,
1762294733033439232,5750324454672564224,529243037197402112,
106439120775020544,4428922309440438272,1099564722161713152,
7699556453853429760,5583219350338273280,4366828704521781248,
5939109823772622848,317574460301377536,2532626104305319936,
6230023214454538240,5972978492759867392,7701807888594894848,
1000660855219552256,2292535388054487040,6514193931683495936,
8813928243271827456,873626198029107200,2729634896963174400,
4165703263020122112,2448607498794434560,4803516562289983488,
1383423968362364928,206675759018803200,5141604009735356416,
6831896888816435200,5328725302346514432,6131938445020364800,
7051044700286877696,5176870312620326912,4759547573331558400,
6164671498884743168,1703226704941547520,5058097660678897664,
8914459456142573568,7588302760638939136,8258574201506496512,
6727102573012058112,8674045805595721728,6076196903458963456,
6997252223474335744,6149961454939275264,8934690268230189056,
2192570423672045568,8487830476206112768,7282331854567374848,
3653716785942757376,1339751546895728640,2075839895535878144,
4716090132157956096,7964178129218437120,3802180155959410688,
4189944487935475712,6415200218320470016,6736635175616118784,
6396828186474184704,3420803969360855040,6746282818919202816,
6330041616820076544,246905983241027584,4851761994350460928,
897158650261405696,7692808003669458944,3522083494383583232,
2658806007169286144,8284786116331044864,5197471720256045056,
7384346304329023488,7180525964122652672,3294715721098985472,
4842773765966266368,3359155292989292544,5997267963042856960,
7646772551326105600,3089948645546524672,3326423725183598592,
6844769369659015168,4933468657620615168,5943678586643808256,
862322647264919552,4013284503001759744,664069911819059200,
5833145168034791424,4922540847775350784,2171609832216330240,
2416399427372580864,2098595813386092544,8170005310073733120,
3608133670965084160,3644852145242505216,3800399913490055168,
6445092138433642496,4695672119625777152,2236210126077820928,
6112579227825995776,7738236809062121472,2234759792931373056,
6634845653291761664,8717314590330847232,6145860216438128640,
2988648131018620928,9026416622050476032,986742618559873024,
8712422545271291904,6990949346082553856,5239490480529473536,
4834458146640494592,8991910867679313920,8408524154193575936,
1482012799453364224,2876566161951031296,4328904555614961664,
5554711994537345024,3688980795315191808,6266291833857376256,
3657307129494110208,986459270977421312,1232642471352074240,
6377565094942867456,3621338062585331712,4252451964492709888,
3829303540153581568,8990536757317468160,3407154507459592192,
8584406526708416512,5576451199139315712,8173286579188531200,
5816076267920818176,8512826863746285568,7851036827942125568,
7057460015627501568,1731657339741667328,8876415189885386752,
587786482278727680,1777210179494871040,4635618220445794304,
7858043998366072832,5182818554562478080,4976725515231559680,
3426760904316813312,9107739822050508800,6431703020269993984,
27316395729485824,6430005769453699072,8781992528611115008,
66502075315388416,3805248729703776256,6265583108418961408,
8775957004343574528,8049541553414209536,197655086451654656,
1733370456167153664,8428210149679693824,66848387118399488,
5234258591887654912,5135141282250752000,632752577959690240,
853932716414992384,1651124787386253312,7091343330453225472,
4908719419678523392,7316317355255005184,2653103252672872448,
1660656423622672384,8540346501623185408,442965948903718912,
4613619569754374144,5189189618855051264,8598172064395821056,
3187344987557724160,4116569013247541248,3340429102434746368,
7528572427115167744,329499552962838528,4564532942579171328,
1386268108590678016,6828335325840932864,468214592758087680,
1575165314344157184,7653977526468870144,964735223315038208,
7787369693035102208,
2919981426545786880,
5286452297189031936,
3969541979078918144,
2904215847142686720,
4601017388383600640,
7421363832884297728,
5903228610419884032,
9167917411993649152,
2255731727395717120,
7091996182662086656,
7398558681823969280,
4131052497668145152,
8852672224126042112,
3066509093456838656,
9084106614180413440,
3820747570162958336,
5527550741616525312,
1021956853556314112,
805315881352560640,
5838804083800014848,
5955429419597168640,
3976330870674948096,
905344677538955264,
3077559670647291904,
2490362204478504960,
2777377199374729216,
4946228958212390912,
8910447011795304448,
5444430385565925376,
7094164758894477312,
6256236254560518144,
8712851105698021376,
7946273952454672384,
5492797348021010432,
6545672107773132800,
4188180914234195968,
4041651958832955392,
5212292028896903168,
9096187077283807232,
129423664029368320,
6849825804591824896,
480576204420677632,
2159905994795122688,
1944683109123358720,
1053652488135114752,
4386077437977427968,
8221269863625129984,
345158458263207936,
5212667503527854080,
2607683681459896320,
1160901137230987264,
5466201703638368256,
7040958390499016704,
8822398996816330752,
5800780570824802304,
4402165715453345792,
8539377973613035520,
8136737206363488256,
4791638641254334464,
5619049084213002240,
8319183908109287424,
2706684223820922880,
4576350051172876288,
2283059204140826624,
7688158353679187968,
660755369592619008,
3410807639137845248,
7778476022650896384,
4791163536267018240,
282529537210712064,
4455114544724836352,
2280265349389615104,
1476233993971040256,
4188090634021634048,
4739798785423572992,
6819252182974464000,
4280695746740617216,
2561178870795468800,
4593118685828218880,
8485163846976143360,
4873760662221750272,
8418900855310254080,
2751913626766934016,
4166260131299852288,
8567941206938484736,
2419317934959624192,
4816940005832261632,
8357648896477888512,
918370488714002432,
1751081050164953088,
546983811930390528,
4363514243899719680,
8121245401060737024,
538876532878213120,
6629990351677423616,
3159331926657990656,
6108186631628390400,
602985950632476672,
4927318487791042560,
3428870579367706624,
8802654276242374656,
2455049881018957824,
907657732176216064,
87383982970241024,
2753665251869196288,
7110489646118731776,
1194801623335960576,
7610956282173849600,
2559149292589678592,
5342872976159145984,
6617060580266082304,
7404829501579853824,
6904176992225067008,
366832203268620288,
2618689281752825856,
8736862369474412544,
4568731221571403776,
7007512028466118656,
6829751930609205248,
257234314436018176,
2629970240989036544,
8479168712581054464,
3461501670708477952,
6156449398176874496,
8293359343500263424,
4222473264565321728,
8443500392167243776,
3688754364639346688,
66425015012163584,
3334904120929681408,
5337094187856691200,
3558100845314703360,
6290182864319283200,
7023513289904619520,
7557490463393972224,
5727541482823352320,
1165639585670103040,
4119549514392535040,
2521001917052616704,
9155100632581931008,
1853853175107289088,
211103221760917504,
1427993990749224960,
7107151417147654144,
4021470272581271552,
6265852488767766528,
14420786488016896,
3772426336224673792,
1305995401756672000,
5376989615083225088,
7860358573421756416,
7398101929231908864,
8580242315396775936,
3254735360894173184,
8290357255849639936,
4037261183701483520,
5197688886687432704,
6878738416326934528,
4659044625640587264,
5446881738150117376,
8870426759934246912,
2223734732141625344,
8303303481280692224,
8288946140049571840,
5219400251311390720,
5571294657108770816,
4484099419284701184,
7595841884237332480,
2812186272926269440,
1782640757618769920,
4977041259752325120,
3431329654303096832,
6012822139860680704,
4444831052988416000,
6849481051861942272,
5952650979483582464,
7809780639112101888,
5311883799276027904,
2972498456985206784,
5639863208693989376,
7919024364941475840,
8934516553982935040,
556535716117479424,
3292897373679779840,
7067886370861088768,
311734404290445312,
5131763659839635456,
8397680568656986112,
1916036772475699200,
5621260541398876160,
474023239673184256,
8791128074373562368,
4486370542156251136,
2729395821903609856,
4908745481540075520,
8896266713411092480,
3473988081235787776,
7603668298198155264,
2555318439459684352,
7051443470820442112,
2939999130946109440,
3192944594119557120,
1411073000718991360,
536491872546193408,
415204568792563712,
6447032389909610496,
6501550029000409088,
4054103717564121088,
4382493365078327296,
8991188209366990848,
6991633388343918592,
603513879422566400,
8264730925456162816,
6720837478447579136,
9035683473553096704,
8849318748021063680,
6269971783311425536,
5820833558381461504,
7685234546102501376,
4236158305975664640,
3460547883026087936,
8663816250058604544,
52771060575109120,
8968201943830757376,
6907443108695244800,
1972335783612252160,
6401392001543045120,
8286407350521167872,
4860853370669236224,
7764787712770441216,
8849410492817473536,
4228770618629160960,
7900408958773362688,
188285490741379072,
6350312196009885696,
3229504184671797248,
1775098674787909632,
4616984169824649216,
8284102894408433664,
1751169144239161344,
284787367158480896,
7802502756899487744,
8784136301407371264,
2330126273268940800,
1889072370790957056,
846179265358594048,
7109466941391110144,
6881017063981187072,
3981898660119052288,
3439327514768441344,
3223466289582309376,
4142404572972843008,
8619845465803849728,
4992702613184053248,
3863076912406462464,
1982220904247066624,
6218225033781706752,
2189570298821476352,
119358476890669056,
375858888789983232,
7437207782555648000,
8156823522866364416,
5614243771723022336,
2468969754061176832,
4780106362006798336,
6488499517468442624,
1010367786251190272,
9121395653388271616,
5244194281467412480,
2424010349939261440,
5111925197309476864,
5570635310909358080,
3053696583242612736,
6363116442707034112,
5224574510082031616,
5510038222920482816,
2075246189321650176,
5979061274552565760,
2580623394630270976,
249303206352388096,
8742537666244902912,
2697401098687217664,
2278425428349681664,
6336373201773264896,
2988916811287756800,
5423886229844262912,
8146871555360555008,
3453432221728243712,
4593731603431161856,
1397876434529157120,
6033380803981869056,
6478710466662105088,
3381735370583441408,
6789462139485552640,
7025722655441420288,
8392419152115007488,
8467459231572819968,
4459496296130019328,
8189591146922508288,
7162342266592296960,
8575160200854503424,
3423968183436967936,
368390808245633024,
1507061383731085312,
8783199045054103552,
7502554773661417472,
6047995976394735616,
3506578945912864768,
5114964036995252224,
1779219511224827904,
3248221720867241984,
9018512756944404480,
1050532202984505344,
4939383523371909120,
4499250741055062016,
5778195115931598848,
6512467518039261184,
7039373569041629184,
1571575237080776704,
216682805185216512,
5832165305605947392,
2210292472347623424,
8089350419869859840,
4383862158270660608,
6210045126832553984,
1652164358450446336,
6467781810708283392,
412614054973014016,
5077764345992052736,
3866250382137098240,
9106731720211693568,
5001899581273800704,
183978355803029504,
2340940266480861184,
7954202440608251904,
6407971165591044096,
5164749103162195968,
159095862205612032,
2870425127516897280,
9016400693891694592,
110368375900733440,
8828660436363640832,
6004925666393325568,
7981528216546312192,
6183584301473333248,
1881539109822922752,
2133571797956689920,
3360255676495429632,
241290231897128960,
3401708042251665408,
3093774645363474432,
4959475367497695232,
7988640235711889408,
5235745548220235776,
1133076414942150656,
8043944931854647296,
6765555823235039232,
2340684960739885056,
7947371664491151360,
1429269415647510528,
8937911613961273344,
2415457291936464896,
3333314712447221760,
2860677600454377472,
8688417187074932736,
9118344212268449792,
440622584682250240,
5185695267822764032,
7748413807084437504,
2466705747950436352,
36859022787215360,
4237620355792896000,
1417218785386954752,
283534774306340864,
8322611940551557120,
2864812077707427840,
5143078605152059392,
6835041887208865792,
3561927605340864512,
1302592005246812160,
614118999784947712,
5607198358910271488,
2383961695459475456,
3188100300506398720,
6287961610313007104,
5297629180777725952,
9027441014700244992,
1704782376455897088,
5419356482455994368,
6580796255830540288,
5457348951407591424,
1169190144939393024,
8981782939658354688,
6509264954200162304,
8797183248116482048,
3747189954501935104,
105250892302778368,
7026993695178096640,
7455414243412672512,
4262441186544844800,
5609875618184298496,
697592324837867520,
9113510102022750208,
4174695623162855424,
4961256795378024448,
8541359375170666496,
3150046177299267584,
401409262686830592,
2486680562807341056,
2219745648121479168,
939276568444796928,
3417364009794404352,
4001573969726537728,
8793962297522388992,
4460258682889830400,
7065814843709718528,
3555702526986682368,
6622457421421871104,
5631094775261167616,
5274115789610287104,
1894043327284641792,
6861264122839826432,
2819095655534821376,
1269733851870003200,
3184270121686269952,
4781566573578027008,
1695006910631116800,
8289006565944459264,
1577472356027203584,
3253516891557199872,
211763856450519040,
7113474472295792640,
4604776219207008256,
7952510554206109696,
8620485450290692096,
6678141376061767680,
8833161484780437504,
8165905025055326208,
8742948939428265984,
8821528514319613952,
1915786362997440512,
5181655159591141376,
3438031937883602944,
8999202858859495424,
5873680309165228032,
8264230347017814016,
9218452044443025408,
2829500763565195264,
2455985878946807808,
9196077313530265600,
1605550515746242560,
7886631300688248832,
736054865075109888,
7541583669761146880,
6601443430637764608,
5007725266324160512,
5651241096752136192,
3462877722395541504,
6131821377096777728,
4048916256064012288,
1241757027609346048,
3186577614340882432,
7865574935756800000,
2401761929719709696,
7529468318638407680,
5852146399705038848,
7236249080274354176,
608141672324268032,
7475412792258854912,
5318391121406066688,
6929019430957481984,
2406866051674406912,
7356790064740827136,
5687761001806561280,
53045964251856896,
1660228133778882560,
1007656854433562624,
8444192539031896064,
1006345386169729024,
7857498309886214144,
2687002179704717312,
6127698397471178752,
8762476618124886016,
1739443664477749248,
1483290414784970752,
5484597933330399232,
1907243707405434880,
8794316683863916544,
8573654505579610112,
8354184034691055616,
1345619365575262208,
1877200733292462080,
9138096320186155008,
6046038897236901888,
7557044723098058752,
3378080465083695104,
4596814414992113664,
3914094273410105344,
3092426450834292736,
6405368724647313408,
1208900063938478080,
554445450023796736,
7465016480321503232,
7723629011108102144,
3826911067276050432,
310928092900098048,
4069975812156162048,
6332876398314651648,
1142323900437233664,
5724962999207198720,
3830163392606240768,
7747099495552253952,
1160443224997756928,
5163484437156986880,
2959937696279035904,
3725475476026687488,
7270491398531448832,
2393374064749051904,
7654631572678639616,
8688885188186341376,
34106932297990144,
7926542267106459648,
4150263293677666304,
3080221322010165248,
727234896329703424,
1927487816711798784,
5621344061332914176,
8625899836387885056,
7965316995631546368,
3382677274091323392,
4604361823582420992,
5259735972815306752,
4937330112392593408,
6141952822695952384,
3452778218468147200,
9001801202404425728,
5337287027593314304,
2775496252807184384,
5665513676803670016,
7470910889143566336,
1533915288792203264,
3664594568008957952,
3708426216798158848,
6454820359618166784,
2603832921156485120,
5842643651418652672,
3233875735529652224,
3974352217896386560,
7590837057631551488,
3188923164700704768,
6857548855869702144,
4019961106972803072,
8590163032720539648,
4779627417318719488,
4889450804819263488,
6063289040675799040,
1781943435318525952,
3019773939401359360,
7875898984869396480,
8082787958949675008,
3359228114159796224,
8055905853133291520,
2232531069976969216,
7268174847790809088,
4721684739377856512,
4244245866832986112,
2208777680331997184,
7512887700471414784,
1478240963468984320,
8834776499857915904,
3524580017138827264,
7966862273325039616,
779107999502303232,
2885719944144617472,
4224233629926031360,
8430706423326834688,
8795007443454132224,
1402178982442434560,
5593787873284325376,
3245054285565657088,
147024637576871936,
5987892002191048704,
3602949246006853632,
478439943522222080,
445916024500387840,
5512587702622486528,
6100587863819157504,
9136769055032606720,
7341052845006782464,
796607805095149568,
7810532408712757248,
2699341895624032256,
1366167245033570304,
1223518410332176384,
8709624571646443520,
8667416948776108032,
968681306122616832,
6330764133398478848,
7744332351202656256,
4480915018862297088,
2651082977366245376,
1588138963141394432,
1471974614774054912,
5423740140826656768,
6981720767033507840,
7829117565426204672,
7565836293519704064,
2278896998578913280,
92030128267198464,
2526684450843000832,
3974175789229801472,
4738404617564454912,
8445146245109907456,
3117877460662747136,
285975629990461440,
5686834989677674496,
8600577078577856512,
3476833759062392832,
5836930687784976384,
8919973940747567104,
5367742047983763456,
5574867399884144640,
3744755429599608832,
1696017237262991360,
1755113165462437888,
6777452826810384384,
2000945046102212608,
7052485425591484416,
2348465027708616704,
3777286688720551936,
3990333726780293120,
8850877876984086528,
5597470043236466688,
5455033951150145536,
7972141544046067712,
1630228452936253440,
437441671773290496,
7699729493790818304,
1210847556729307136,
263950595314941952,
2680104848774397952,
7517134903436115968,
1076113251537780736,
4073730227753189376,
4827076351989121024,
8541958209575845888,
2404681846056026112,
2356244772554801152,
849275309713784832,
2873487181500907520,
4872144002171797504,
341446163410452480,
6636271810067300352,
4263959771016593408,
7550170048120225792,
3493146302550638592,
410221715239469056,
6337920231813414912,
6541188015887220736,
4897400462866644992,
981036745917202432,
6732867643188969472,
1294958491152154624,
7850117597566599168,
3597705456010657792,
5471873822133059584,
2052467701418295296,
393839795144491008,
5032564883263062016,
3814444400713400320,
5128335026101944320,
4409175407023095808,
8626378403118841856,
4257925904606429184,
4221538997509292032,
244811508079394816,
657984011880103936,
6375532420065656832,
5858404892904783872,
5273615026488344576,
7563345964107300864,
3219587685005918208,
1819175587684548608,
2432489057763196928,
6423366849525710848,
1894019150913732608,
2930175728991338496,
5202483268485644288,
5685332446908776448,
145249725161930752,
1218474185991389184,
3588026815928598528,
2695860064421412864,
4506923378006818816,
181302217515466752,
7083591146412179456,
8556029437265575936,
666130516868595712,
7195372867201007616,
228703890365743104,
6661021610650107904,
5026072735252480000,
6526472225275510784,
2927992081718706176,
1123467752762245120,
6607000770426437632,
7251738639309209600,
6758490838256320512,
7626441194054090752,
5722170274032386048,
3100964454976716800,
7815529092060545024,
7896783838871814144,
9197983630469627904,
828292861169500160,
2374781907238912000,
8261335268477370368,
2244760551265665024,
2055893053800972288,
9041345567594119168,
3775995853479608320,
2550793390765637632,
4584615767273635840,
2760230182395576320,
4761474136746754048,
6025056053555625984,
6122383852183748608,
4961223543741218816,
5169702192591929344,
4355343970562211840,
7945938025882583040,
4602171669434335232,
7823863046601703424,
7196849803374886912,
6578400806540673024,
4565151508064108544,
3265863741417193472,
9140171193117048832,
7118027476931969024,
8726858157986414592,
2171294306738896896,
8945918257634738176,
8801297521843372032,
2473056694616195072,
2523833923998318592,
1072385460443021312,
70859332522082304,
8238781686536470528,
5664096904531673088,
6483095031270866944,
1518075767232135168,
7087612292363190272,
6047252753778999296,
3907341523963871232,
4081220551933165568,
3694008660125548544,
1911474001083891712,
420687519747670016,
6528251355348336640,
43006834679742464,
4776360652308480000,
4554872461618839552,
9141207873668251648,
1652828175710814208,
7260272782276034560,
5840012258100379648,
2079811589233442816,
6578336966146785280,
2926315463925301248,
9025297778774900736,
3519950205602496512,
1167554891976015872,
6188537618536333312,
5814946678637068288,
830726256495427584,
4524662172759883776,
7768749433553944576,
6738744532839432192,
8547038193814339584,
9219912805770067968,
5754466052981391360,
7034177075225296896,
1899117642166304768,
7866874287917891584,
2360341278001987584,
7213666232426299392,
1274408395490721792,
447196607654395904,
7130136372718862336,
3007845157362991104,
5927371291605598208,
3883365079487348736,
1711204950291251200,
4730658571031674880,
2569317782281781248,
258851799119691776,
3838367712149504000,
5155825170438422528,
3734247469987397632,
1105478234998308864,
2248465682112970752,
6119912661145616384,
7122940799259508736,
4544775727945351168,
1329354766806941696,
1367092995169452032,
1679796249592594432,
7099087087768436736,
549915376218013696,
5927792821170864128,
1819334084862672896,
3714499468058427392,
2418748156008202240,
4207730299695529984,
4264305056322420736,
4943665343773016064,
5891736974447869952,
7658560574401282048,
6072132116345257984,
4382765584400515072,
8959370361493782528,
4261620783366799360,
8463566938935656448,
190773956137975808,
4603498294637756416,
1002846216184135680,
1608393775506259968,
5605462655251775488,
5071344641194852352,
3330476293115346944,
7383930272321896448,
3418787628244271104,
1957061466863435776,
400948408401002496,
1230406103355883520,
5744867544104173568,
5185235680552288256,
4681107211215175680,
8775339104578568192,
528536476422504448,
7946400864443301888,
3741295992356470784,
3342839622764855296,
4418735780885692416,
1952731057497309184,
7429426079204376576,
2034572711589576704,
5398680544252788736,
7873738719398723584,
4849727687385677824,
3278483682477735936,
6066400916280442880,
5370031149588414464,
6400912854991503360,
5006158883161374720,
4780449731757211648,
6963952186682245120,
7486068550285656064,
1097701827341713408,
7065989850742128640,
1436664803870375936,
3089218651430060032,
4985138780638806016,
2512806376422506496,
1261605016376967168,
3715288625349394432,
142359298071068672,
7668704866247639040,
214284796094840832,
1282700396791332864,
1028254448138321920,
3639049777569595392,
8650879168612925440,
5429834162548768768,
4022416930617950208,
505141136726163456,
4941798656496893952,
3894338660799086592,
3622073245022289920,
1649707044451647488,
8616526306487566336,
8075590594488958976,
6268064663213178880,
1086514150500204544,
6117457198277722112,
6438142640830545920,
16362377993781248,
5945301302597648384,
4035537785124290560,
6554720598843457536,
7322054228971618304,
8688680438505406464,
3083018355037175808,
832947789674577920,
2099625153838186496,
4567189873772986368,
3681155455096193024,
5457371688964456448,
4499292582626459648,
623548471634296832,
8076614892649447424,
7965337478330580992,
6183922856565407744,
7394239490912419840,
7255301044098301952,
379460120083431424,
1995316066259042304,
4344478996088487936,
7843300530985107456,
6630606842693156864,
125160677059854336,
3549955530032152576,
268059130965524480,
3854915589780799488,
2957533712889151488,
8684723227437563904,
6251398025441181696,
1888572041460711424,
9147063073733869568,
6453057756579495936,
6940657860321738752,
1135589808328933376,
1181133010175524864,
4588387551718408192,
690100432994828288,
919049243870625792,
7048517447040630784,
7682170787016474624,
6346644006176292864,
2453762614895837184,
2308011602625953792,
6319713895510441984,
8725518957118750720,
7676655378993512448,
5978901007847915520,
8736628744728346624,
4587306654478893056,
4480990842214940672,
4201641384689532928,
1675105921967063040,
6134162615309434880,
2451154264077107200,
7612460504274960384,
5768915899218132992,
1441879297894645760,
5296905513148088320,
8427923507857326080,
2829775087421358080,
6607116575629639680,
4054749143774527488,
2917021429574664192,
5749862814407720960,
7837651373385580544,
4249765440974225408,
8033570236487696384,
221242608754622464,
2799849395980337152,
6050518247478919168,
4839730047197642752,
3212861491342475264,
5557863542754902016,
7411260072644313088,
5508613891506044928,
5639098648680726528,
3895044886566535168,
2607891261524279296,
4415264171705237504,
5646297194257448960,
2580853171085639680,
1541754695029096448,
2502075838720114688,
3596766262627139584,
7660149914164264960,
7583741466715881472,
5354612710917013504,
1488652544015073280,
2895482318909079552,
2026245543096745984,
4527922894751137792,
7423861167388360704,
702561786682933248,
7979095602904432640,
3479171316488077312,
6748991753577037824,
5484728998552403968,
1973126040414846976,
1115174870993338368,
6346486750243717120,
1304760362435870720,
2161081024832864256,
6581212940672696320,
9161384006527221760,
9099895678464688128,
6799348578675326976,
1143442962756141056,
502470959853207552,
5759443039609159680,
865690640359358464,
6322851936055853056,
