13191251507108937728,16282404933931466752,10813451444746551296,
10590705185121673216,9703957995147075584,11736768000618766336,
10802570205231890432,13898283826465849344,14343120100482990080,
15536347004124848128,10710864016282869760,9512995090512863232,
17676213682244222976,10545903406299348992,11378756461880279040,
10444835709063864320,10897927683317833728,18427324469275926528,
17253418201137627136,16944591665800036352,10494563622100811776,
13434253403732664320,15890877089617698816,14706310201549414400,
9749185594207076352,15659644395522523136,10156767923193937920,
17059362009517236224,16878458279067295744,14013961928700764160,
13246815889859395584,14064924795159363584,9661329113294487552,
17806210097342439424,9899926718524612608,11827550810253746176,
13414364698675118080,17520298002802999296,10322603551159681024,
10926250076352421888,14338986855885643776,15559525465152495616,
10707078973274341376,15533251170222948352,12121537460489371648,
10400703760456376320,12152856241752727552,13263914021520629760,
18221805052892446720,18264795278933458944,11279737906426511360,
12930838517442060288,16652766621064994816,9676151814232186880,
13648771145968828416,17928900871854211072,15057192902030508032,
11905416368307232768,12581385577213976576,14594168034220302336,
11283735709230497792,14852492046283833344,9784095354676838400,
15551152542373322752,18007703754980204544,11578385085804584960,
13425101515619778560,12719542400109789184,14934484475203043328,
12540601108937269248,15755168578469388288,9479933441585733632,
16450621575802355712,18198500551754285056,14754911355686387712,
17340419871889137664,16947384326550495232,15220773083755356160,
14699402386604277760,10595698406725828608,9580230518609330176,
10956755931975901184,17834421031680401408,12870320272167723008,
10556793021000843264,10277555997129113600,14923753469349265408,
17799950994257485824,14496887806650032128,15552061576496357376,
18242822960686841856,11109815028668252160,16645486934966222848,
17815318443077165056,12660091879410458624,11961587423778004992,
12596737242029129728,13532634590334779392,10413111152175316992,
12408943430553870336,12950198670939234304,17217947956025597952,
13364718106548944896,15853037843624607744,16027925858195980288,
17964075150770233344,11245655713140301824,14817852572401000448,
11111529266080448512,12550097994593206272,15921854468225892352,
13708272965757771776,16066493711031345152,13014549332711579648,
16584181572510760960,12450537001949741056,17292522967834705920,
9702087545480110080,11623644441852665856,15859678176596877312,
18195786909812621312,11285774749249208320,14177128389111087104,
15839011446803767296,15064811396624719872,15630993763907837952,
15304873229220691968,10452595920398893056,12747572971591352320,
14128296547986038784,12316956810305265664,13039987491997933568,
11328077200702701568,18289323948830294016,12354092871367983104,
17503463436105162752,13183323177869320192,16827290701582770176,
16536985697313505280,15678887992197595136,16992068848470671360,
12504036321474797568,10391306475092008960,12301241735422631936,
17175789244243148800,16802604152983355392,11017832411329429504,
14442432466060222464,12677923668795564032,10511689735474487296,
12057020763871821824,14064057735751909376,10695629466636632064,
9999469333003558912,13694044340401463296,9599343088716996608,
12488005691049967616,16644013335982112768,10898565193903898624,
11158406093927292928,17696838317063282688,17021768740596097024,
10855947779614130176,14711241305041944576,18121816994470969344,
10237593323600044032,11335109230397251584,12624299279823167488,
16259095360437714944,17709839801543589888,18437380130177581056,
12786589283437223936,13292559456225501184,13281477302435487744,
10045661435689156608,11127203156521697280,13664452728696651776,
14876635638003130368,11507925249665851392,12566086560108568576,
10659848240122822656,11863982462320574464,17762844405260419072,
11436575376044204032,15192789872878624768,17756251952583614464,
9619365371552743424,16893399795980648448,11828158049910341632,
12521998596261306368,12304756461779902464,9671617720337391616,
14260816453939265536,18085643590198198272,17031796913706729472,
10635762707771990016,12112811280945225728,13596726338593857536,
12900297709375242240,17025715038152146944,12429750610072813568,
15183990734724849664,14277194414074224640,14142352580081475584,
16292215000013537280,11385203332346150912,13681109591123165184,
14484350444926214144,13030336816448151552,17277098765317447680,
15784382160038346752,12956412281731039232,13415414448812081152,
14939708302191845376,15945398319301681152,14859532206351998976,
16270041591397842944,14515190182717063168,16517923013251203072,
11911584254877343744,10349078657285660672,13944372111202492416,
9793756668861464576,17284525785974489088,9824372656036036608,
12288032172662185984,13205072583018864640,18319047755333820416,
10900986872559435776,17016152267697881088,10123040330998022144,
16204119907898105856,13552048649966919680,14484878004348985344,
12759968307337641984,18228307186702303232,12216638086646808576,
17265549731402768384,15860394718876098560,13966388972555296768,
15920285379234267136,14840374371584278528,12582636327525646336,
10010502640130760704,10419369580950953984,16963191339503558656,
13341787323400634368,10626152057022169088,10685018745637158912,
9271206522151165952,13789710227204464640,12130222962399240192,
9959837384841035776,17856830010662846464,15031303955862257664,
17570030906592927744,12303985308992020480,13240768288144236544,
9878068921286475776,14541104426243342336,12264851796078903296,
16792598734610063360,17029535342842634240,12884084688869154816,
10152907396135747584,11567640443430141952,12748947494270435328,
9722025689906651136,14291054423862452224,12112419292165218304,
9533141107062063104,13760585018883227648,18172432475385020416,
10767869167288442880,17790340742939992064,14387713380118487040,
10027518798046429184,12204819023843098624,10322080750561198080,
11753989900353675264,17301437790933295104,9287232170413858816,
11543290865080090624,16510521796757897216,10721735076725997568,
15624527029219385344,16351957900611641344,12000048933223620608,
17917482679823794176,17470600523904811008,17618372137898835968,
13651215274418675712,16997777298094137344,9753736825022291968,
14560356050212274176,9499985604509286400,9845315556521656320,
16648444140209364992,14100502835361341440,13613656807617191936,
13447838831967272960,14517129321796730880,12053075209345433600,
12595580195020021760,11453836407225327616,14282814692313931776,
12677800957285580800,9606886545937809408,9680825799507853312,
15595067152751484928,12123513235640573952,15217165452961275904,
15707403757545160704,16113491115790467072,17368371351548231680,
18144881759125086208,13081581737704333312,10958704932300693504,
18114772071285112832,15878594956325732352,13279114387523289088,
9877213995161477120,17307811681314463744,10566601145757392896,
12461501984737722368,12294450095048032256,17373929099358830592,
13617678829741809664,9800857649961181184,14629005798154117120,
12661052680775286784,12892519441997971456,11633853695079956480,
9288113325904650240,10390821848162721792,13394314751955918848,
17116690902272606208,15397091773408575488,10984389661364551680,
11893191465454444544,16031603694526767104,13084055381168857088,
14771142500955373568,16840777401403949056,12600323720110391296,
15742440408528904192,9810794159879741440,9873769117857341440,
17425354632579710976,13360024488978939904,14001377425416257536,
13182130718855077888,9369565331973742592,14492653973919244288,
10533099752308817920,11314183488306692096,17358452403751108608,
10973215900217335808,10003786191748227072,10962525219811254272,
12820597345588576256,10834025089714651136,11673758073018417152,
9432326898796437504,13418179110670999552,16559954568232607744,
14257414255725756416,16650168565283733504,12699010532290379776,
12058420626858172416,9832296612999520256,12347849741266903040,
14519534009561645056,14559098466608152576,10371214008196595712,
17991447561463930880,11548889887526428672,15724001705905168384,
15210078593714503680,10595609561033162752,11919730149980717056,
12577125416334024704,10872740788209278976,13135859352547975168,
15378599551197806592,14532397161735094272,18324954937389056000,
10640787823803801600,18200600490115178496,16851459040903798784,
10994062928442867712,14933552965516902400,15696307245679493120,
14299480939244347392,11154614058712162304,16920276992649977856,
14624233647107014656,10480934376611643392,14314391605406990336,
13936153120051634176,10835226284693266432,17047870493805125632,
14701140929237041152,14644691164748201984,17600831744865353728,
15927543057921171456,16723475440754122752,14207757059325059072,
11595694946469904384,11347138175368593408,9321668921840795648,
10937208311747026944,15128826715941281792,10360359818385858560,
18286794178734178304,16031494013947133952,12905009760945750016,
13891772522902446080,13132927556332216320,15716034773499437056,
12445297459677233152,11574324576479281152,16919252170503553024,
12321722785190780928,11727285189571715072,11784374440330993664,
11649652586249863168,9823440506399440896,12705648717779124224,
13005667533618044928,10042675063324368896,13578975895890124800,
12507998720863928320,14736771063096508416,17215904818608963584,
12697893651815243776,13737723981708894208,14229855847179067392,
16367146262180577280,15394016280472174592,10160335520599621632,
11476931764931452928,14650729686903021568,14830285235708485632,
17076115195176353792,17161013139406323712,9673889981375971328,
13685066991170428928,13566723277612654592,18278294343966007296,
16694255631483486208,10166735296748601344,16018794779200471040,
14676170758177382400,18025394489050292224,15566740108267773952,
9953776116540080128,13375823169695285248,11824741618175475712,
13318184489539837952,13998539216538083328,16005147443308044288,
11335695441894555648,10319084151879286784,16518826227694354432,
13304771993869213696,17859089369619554304,11377508417399742464,
11956114935364452352,15742993200884809728,13091796394000318464,
10157932486397796352,12333451761055506432,15438423051152203776,
18127446657214988288,17991426821066932224,9576035718541688832,
14080468217380495360,17269048424647450624,14511510774429605888,
14967084574061133824,14496451858880626688,11968838750208884736,
16291483189126668288,17717832486574202880,15219290632844582912,
10911728224990183424,17100081267306774528,9495075125450620928,
17665882250084147200,16256057061918498816,15014002109607698432,
9520502616038375424,13413412186599063552,17256621744230367232,
17752825217222516736,12753735729971077120,16252893414778085376,
14455642518448324608,14509245814836183040,9261093231379234816,
15442614346527891456,16023593709369188352,11822181104702611456,
15897445408874790912,18216370570644324352,9299430873967525888,
11712487927725793280,17808485781470355456,14078204353003560960,
13879119592198356992,10432802327393124352,17373206045910024192,
15244601695458942976,14159573161261326336,16414692877292199936,
9883527902029807616,14048003556022353920,12744130392095916032,
13962296762076372992,16435755568710492160,14120347830537363456,
14687142844840689664,14411893496239833088,15866941554706038784,
10358491821145219072,9946253631644983296,10844358368712417280,
17439511016586510336,16660443574460186624,18319860135513784320,
17032609422736007168,15604384229602074624,13761728042825392128,
16104209244788015104,12934225971034439680,15388720250789019648,
17590263780265615360,13621141393721516032,18410380982208421888,
10592442374840320000,13559945166384791552,9906331859089096704,
9858083910177988608,10157602461110771712,18203672718877138944,
18427256041858613248,10528518422363652096,18316526622416846848,
11402842857521242112,14504469381706440704,12464765696026632192,
13011154496072941568,10091347578343161856,13044329944453513216,
15519552346264150016,9463836977903476736,15806951160912584704,
13993724708523589632,15659208808530755584,14358176795535392768,
17122376051698688000,12888767367158751232,10891292362573930496,
9265335924628652032,17231309028054073344,14683760021224095744,
15568201823078064128,9490899940497760256,14115855513789210624,
17095577212413296640,15916542435495591936,10698255731765100544,
10101602182129803264,17629210621015056384,11050899544931131392,
16516766988444925952,14343546251434622976,9771902762863656960,
10417742591505768448,16484162689109958656,11055590680010530816,
13921385579379474432,9698086680365744128,14885098780866494464,
16678924578217058304,16117653042180251648,13088377333745049600,
10347801724855058432,10908270789201887232,16174821427711967232,
13195214520679211008,11904757438720909312,10187437984008511488,
14839089308780544000,16803025862938476544,17172646629558599680,
16277586856800509952,11737510901113577472,17211912092457000960,
12623463620922671104,14967019754414833664,13674524250913275904,
10699384517890252800,16748506587465162752,12346843868516753408,
11048534005793800192,11146500809656025088,15275600991285067776,
17807079445969362944,15843082629124907008,16914125517150937088,
10895937090532016128,15794661206484516864,13250209072938418176,
13466207883107115008,10171348379387764736,13545838930416836608,
10691812413238034432,14203226139411300352,14674196456200945664,
15152798955645591552,11015643270794928128,11392427914015760384,
11276643068958900224,12829013449969729536,12345297684585218048,
16812308373892145152,16477788545325965312,14503853586475622400,
13771805556520697856,10887881991037370368,9655873568527335424,
16168965080890400768,9635658849682186240,15241523878945087488,
12175802740188577792,12162969884714074112,12088615410885722112,
10352415915595472896,9578111003789893632,14801196826667524096,
15001076796373024768,11176890026852630528,18248998805832220672,
14768503612919996416,17101003207807098880,17103886578266693632,
9579220200569143296,16990416746351984640,11486571857682399232,
11509847904662298624,10814319642322444288,14770915516229394432,
10501052664851972096,13624100226756820992,14336480583556317184,
11267904975175147520,10643541769719439360,14748505798513057792,
12764131745556332544,12711570270795137024,14464957812887322624,
12117274735514755072,18427420771034406912,16404435292798918656,
10376985065558917120,13762860745960800256,17097074051465691136,
13834637938764046336,11275240289690279936,17082057870841307136,
18225119161328893952,18315797775056994304,10323273359901163520,
14423068648957321216,13301085039323881472,13983271608528773120,
12938117546412654592,9410449022586044416,17026799281172496384,
11027415381016633344,15480591418022027264,13979270197952503808,
18223343282546343936,15149135013534629888,17283182075392425984,
15529817099058618368,10134765265299841024,14898971233175085056,
12958676906318577664,12172006951171538944,15900072361197191168,
17553071854563713024,14115987193191882752,11557604921631727616,
13662869599458000896,11587103444215431168,13822999762802737152,
13692670225746337792,13929258099814342656,15850516624809041920,
17213486666122903552,13001104117981691904,13264216735112413184,
16468800505920741376,16133334092332326912,12874767646379925504,
14566851110211813376,18223113725134176256,10438734407373881344,
10439129299552182272,10805776544348971008,11931595310669438976,
11223276661492301824,14585720018234458112,17941577579499307008,
10808156110849990656,13531178227055943680,10075003393831297024,
11974041609167601664,15529732831800164352,14533619088521658368,
12030486949839937536,15709287959698841600,12644101686104399872,
10183104336237608960,15862337229506199552,9381779244007014400,
13717105432859697152,11703601146469539840,11460453856612966400,
14434475751383171072,10011312387496083456,18213731506515083264,
14595271072018276352,13838040364611280896,10390314999073218560,
18127056974832943104,13485774607351562240,15371663209080307712,
14373522146749014016,14923016667711430656,13994769725606617088,
16516054607989800960,17969574688890585088,17052944486565183488,
15851103003809390592,9439555899987107840,9785741233391181824,
15983344419788013568,16217391103440896000,12895187505748164608,
12896744010486374400,9377062691311247360,11019665924279820288,
14762317038947926016,9569709184470810624,13902720849807212544,
14448431075085524992,11069649765828206592,9316010117745680384,
11618519953165008896,15955587884399804416,13677538944293355520,
10472762685936132096,10741288091436015616,10153724466420342784,
10524144552224260096,9927936158768922624,14560737739662000128,
17978937094825877504,16183288259951828992,17153436658183282688,
16141663051826905088,10480482580412874752,14543603697779064832,
10973910684193054720,13835571342531747840,18277808037704884224,
17059777500360540160,15839602193787125760,10546063423897993216,
11092506920352817152,9406160020999905280,11523781998341398528,
18105599086294024192,15205838636360548352,15221994520916672512,
11264318256576552960,15473862625903665152,11700617557243224064,
14800560458543759360,12742697264589209600,11210927939026583552,
10588108752839352320,13370385917193134080,16891676212721524736,
14660649734213058560,14043910550974283776,13693613847241211904,
17253206789964554240,15036898601738362880,15241693547333607424,
12596482370081783808,10776743007809896448,10237152084431405056,
13353664411214159872,17629895483615813632,12265294117582348288,
12344922794070523904,13515552032226754560,14108082662366199808,
10394950686125219840,16308733165062545408,11207126334623932416,
11092482031017426944,14989938859548049408,13754358411522179072,
11477303880899010560,16327781340725354496,9766102160422969344,
14345349162742235136,18172968122232848384,12102754421749825536,
11942209879960379392,16077575924952850432,17570605319815421952,
16372473662306189312,11910971805427302400,13148137925314084864,
13864677919285256192,12869312715791802368,12041945892520992768,
17623216251125055488,14479491664389881856,10299337459916357632,
17666957576752029696,9872632652332294144,9453774247486840832,
16982707872761872384,9249172403621232640,13922325086296113152,
17046158373813460992,11615276501237276672,9298716655266865152,
14610768237440516096,13751790695389118464,15890329683153174528,
12735305789081903104,15730508259237355520,13269998250719502336,
12206426630103760896,11814174645713698816,13402954976321404928,
10613720518998892544,18104497431477559296,17479651390093598720,
14870358899784171520,10354124694104391680,16754401623353147392,
13649246066274754560,17372932241745862656,17382413068519170048,
17983434483930791936,15075027023584919552,9723614187857477632,
12540965579864186880,15631869000935383040,13085709639363960832,
16870249832062959616,12337716075171004416,14035679048583200768,
17355486565626077184,13924726423986233344,10606595760960167936,
18085054058694246400,12302912181350039552,12767060604014952448,
17676146332864421888,12594147651629490176,13452692286747058176,
12805835577353388032,16917728316108193792,17200395008804536320,
17300435560316624896,15275427216909033472,9766397598338539520,
12718222865899814912,12688131023648751616,10675318433151877120,
15194650036101554176,12644996246188236800,15705914228528553984,
10725953662325473280,10062969909080670208,14414572499271598080,
16647014783684829184,13877764916564385792,11566213023935946752,
14283396836478025728,16625606398938644480,14208302137920913408,
17087134848603529216,16301967517829767168,14643089322336788480,
15919815286475603968,16209445040281567232,9714983214853079040,
10459755970186076160,12568473020033884160,17524090931374153728,
11126845896849260544,13801477892136468480,17795150002506661888,
12155997074029453312,14591230714678845440,12284158155112554496,
16654511498776199168,11133670922004971520,10822619679507595264,
10599674880724492288,14640101859049857024,11498615895168901120,
14186000932553555968,15433332767583371264,14828477724493086720,
11029875366485762048,14225209706178420736,13754722543144804352,
14019453031506460672,17502739515074428928,11368242798554005504,
16361212137797279744,9346391591116627968,16341282652025020416,
12986797869682360320,9296844552037236736,11197559316447264768,
14549191750879518720,9340053357554081792,16037845115233148928,
16895774947257335808,17024766211159015424,11728260984667947008,
14279955042960662528,18216017537218699264,9553994470365913088,
10229385061278941184,11399398757607211008,15670364054075277312,
17851364583176413184,9250262088364138496,14712852708054081536,
11077024246151004160,13164895483249115136,14039950316249890816,
11369904362487308288,13629045722685202432,10489657712889389056,
13179797920254820352,13621379511004528640,18143126530546827264,
11490067930997628928,10714689182878769152,12793830645544886272,
16468304604702490624,16207252901858754560,13002303779657596928,
11484275437454548992,18242359464998330368,10975212239672696832,
15424898877743497216,16232964556072550400,10453259071941640192,
17051971156782424064,10884356097766203392,16807101421831200768,
11367789851303297024,13800890177401798656,11946606796895305728,
16509022943368011776,17935149177394061312,10395434956573007872,
11130736669068197888,9347318788656627712,15411947000135319552,
12420227310370267136,16464184575719284736,10267958089549783040,
9300910923994218496,14918599714754969600,13979972665624412160,
12377036694039945216,15219748643863453696,13433981343326724096,
12234165577601122304,11967597268438548480,11170744521358508032,
16273279412625612800,15260752554904461312,11658874138733780992,
13620115691108188160,18413996077657571328,16058141507176579072,
18341916201329516544,13836296380256575488,15061143417246932992,
10462996424226930688,11059670525280747520,11378054878975197184,
12229536483324370944,16042897766299967488,9987192705861001216,
9960052725913403392,12527858726951436288,17646879042730180608,
16725497670272737280,11759387789483302912,11543828418256896,
14797415107964633088,13030026049796702208,11318319400080637952,
15253245527596933120,18396407877342863360,10375957812461707264,
16993695893754167296,17261588899679453184,17716249932861030400,
12896451012113162240,12406188535453343744,13362174712817934336,
16306439218735579136,15382804594765103104,12048421088296206336,
9967962518074400768,18175652038706765824,13156180144202227712,
11544485566070112256,11359143347697008640,15367241982631526400,
11051571389486850048,12547612621575610368,11277683499017494528,
13946172707524313088,13514906837945221120,12009842300474163200,
16778759658494763008,16929696470112215040,11228701827958120448,
12668753849196756992,16444562699800100864,11857900354840117248,
13292629666058493952,12775254495378104320,12597443197216055296,
14677582217576480768,11808544733863182336,15698143580423553024,
13021419828689018880,11343529397819383808,13825657041889894400,
17741895423103909888,16833839478739681280,14199751227402207232,
12180277073909964800,15286465394529394688,10523739575463567360,
13191682189252427776,12529184059369848832,14248710865279385600,
13281715922231173120,13069920295907368960,9612888934534750208,
11005211332105289728,16763361101226852352,14340459351066165248,
9300658422867124224,12375643123181314048,17340176746677952512,
9550707789592887296,15315200997777375232,16042861877553430528,
10416398618930814976,14537034369207017472,12187291129166340096,
12409068959565725696,13123550607639756800,15464630155615059968,
10866072864369270784,13262214704827916288,14990828227016712192,
14264468292834820096,9348807866703347712,10557898914952577024,
11950940079595069440,17528160004865728512,11030626328632827904,
15571983030682533888,15780644662319726592,9592540552012447744,
9636314927412961280,12424138960425148416,11833363382771867648,
18171949682404622336,14150177082784317440,12724488819458146304,
17335870904520941568,9378216933708242944,11647904590396628992,
15767864695068835840,14530429160477409280,18415775955055001600,
11455059790003200000,16252918033532313600,15542483361342414848,
14823749300504264704,9833269899835473920,13068213866746085376,
14111762354119155712,13278685290227834880,15286518437375647744,
14709783691924652032,9643021733593890816,15298415011454271488,
17032504144495173632,16801152978025996288,10595326947892158464,
10523159754874880000,14008861199773237248,16107786149388124160,
16285802257356759040,17471652327038164992,16498600801497554944,
15115795725033750528,15312149505118093312,14795146991570305024,
11153616359282270208,12808831798079184896,10725135874782978048,
15905617292822675456,17514482591317426176,18298779297860354048,
16431381084387778560,17332352566100303872,11037125606289252352,
16825216610334785536,10318104585805053952,13374834043023867904,
9418234617175072768,14254256243584360448,11957529405535641600,
10366906856076607488,13131741290662035456,13807464406532849664,
13648619967413886976,10165934465738448896,13263632280258977792,
9794447024723214336,14337412187733999616,17409395358743511040,
10351895262477312000,11686082473086541824,14526203625622855680,
10773888070030884864,11049394523967717376,10495856561878859776,
9938985030854549504,17404774326120357888,14550361296244449280,
14267839739079081984,12028629758737530880,14962204168364638208,
11735338021321629696,14176432956599328768,15487955805172293632,
9229467540340801536,16306194753488158720,9827526974506008576,
9712449162670448640,16975436579025723392,12120461416561909760,
15132892323391946752,15082693505845313536,15044162186001793024,
12502059257832890368,11705042782304362496,17078136793330638848,
16837099552187318272,14936675273595191296,9817013676249481216,
11596565978720477184,16088773510280814592,11270420752265945088,
12250198810772619264,14050090751212175360,15222105932365348864,
11641061032453201920,12777082334671331328,16958920037475868672,
17588048436132052992,17007799930695254016,12190227413619245056,
10225400048884391936,14031981764637958144,15218985904912801792,
14219794955005870080,15819274049147715584,13137219890811322368,
9227405724110577664,12852295801958916096,12492377714352807936,
18166684383212503040,11624811070933270528,11108979988240629760,
10012495504954662912,16540640787495493632,14671619355561795584,
10251581353477062656,10126416115161743360,12925094269265494016,
14490572048650526720,16104730168484028416,15729046402690572288,
11260557231021948928,12330679741915987968,14481254769936695296,
12289548399195529216,18282779037145374720,18095269462310789120,
13795201703668432896,13856516802814820352,16782796584151826432,
18283219885473751040,17510727368262705152,17636778963273670656,
14528412372680671232,16389566670068416512,14349803009465286656,
16799216669326417920,17656913903101321216,15573216772919304192,
11897313805128286208,14589054454746759168,10507733185830502400,
10862447366506930176,14985962583117455360,18319930942342488064,
17533088531374014464,12431049545620848640,13982613920184205312,
12048133720621064192,17022141402022354944,10550408925776388096,
17582909168460120064,13401292347233484800,13758283036670246912,
11978506566971580416,14588451351144128512,15529562983020847104,
16216067574906388480,14652479559656767488,16833204360447229952,
12624967306150584320,10024090855796875264,16528628850595438592,
16191749732069457920,14211834447871066112,11363317454609825792,
12774566235455545344,17996088952230240256,14970342186493927424,
16818179074492399616,17805638377064890368,13291815056787636224,
14731642077574537216,10482126152725176320,12310678087808589824,
17297381744076865536,10453487426759573504,12519356817710792704,
17684865747832496128,13624591008372383744,13787687001254027264,
17706771433956802560,9901823693909426176,12733679199064457216,
9486592088297938944,15792399137401774080,14517116960879452160,
9991918539978031104,10619740654395506688,10252139737880248320,
11016338930940764160,9651688204499476480,11399408060503220224,
11706678232836734976,11014093101131431936,9444624536919408640,
9431815277995630592,12567688033153130496,10753775098961141760,
9913901425413865472,14716348390523092992,14885801523413336064,
18317235777350164480,10791892517101330432,9871441400200257536,
13868679587556786176,15921766593194196992,18250088576471891968,
17967270374509420544,17258280258734759936,11082205548664692736,
18016047519226183680,13904262725884035072,10874247780562747392,
18376394334762754048,14465775991270006784,14214230034600026112,
9772965621238661120,12751355845640847360,16681403598978285568,
17201467049818791936,15400642027733786624,15874338364561170432,
17880997714327060480,10952683126157361152,16997429341317382144,
17939205915736104960,15025126470039527424,15378596841071730688,
10189879698684215296,12091197678365868032,10546024094879875072,
17515448069897428992,17650407212331737088,16175272949031804928,
15513159506485428224,18381144572886958080,18189978108277735424,
13814412761671262208,11720001006640488448,17101815029638291456,
10678702339097493504,17464317948822224896,10228568665302171648,
16901596788308975616,11256655472277004288,13709828070335520768,
17198311279648456704,17953431968406781952,14695368274146181120,
9814220921010544640,11163187212865462272,17089487120584105984,
9603250070141698048,13766488575984500736,13073908353427013632,
11193943855924420608,10736352817528152064,15188732181050007552,
10683556438121037824,12176347393579008000,10328054045046456320,
13841082077627998208,9446695660344041472,13673070138193600512,
9820866936224546816,13556083286409216000,17736537167930851328,
9610946204859572224,16059781493190828032,13326707976690999296,
16007544563338788864,16933662112197656576,10027943063504568320,
18291567841608687616,17276296448245784576,11598449669772435456,
14130611797350907904,13874014521053970432,14280970699643846656,
16778534486241157120,9554345240342077440,10839214531193380864,
17494102640782196736,15938344625791090688,16331611592557379584,
17141856374084067328,10944455437697212416,15845905195730526208,
15229054944637878272,15914027268285464576,14634467063818158080,
10080614120061411328,17941375591480107008,11935553062900932608,
10168628475381694464,13718566340213161984,17367255282820399104,
10682069988594704384,9475072968830312448,9523709161310347264,
13092023623538737152,15482805211667988480,15022951399816790016,
18144632504991916032,14591520234126548992,13850256540089032704,
17921636488723611648,16726610796943622144,9623344169125265408,
11748285530948558848,15876554833974124544,17209810603611906048,
11396928369725341696,17976004177621024768,13241908687859744768,
18339679790380687360,18000959720022220800,9365668727188234240,
12292865552762617856,18249787353235865600,13738521638738739200,
17999995706022912000,14750375977595592704,14613494923195473920,
14724569155496673280,10997352851915309056,10628126350408056832,
9443582406055272448,11271775505210843136,13143120149379457024,
15375966405531648000,13065481361304502272,13110116628539555840,
12545518245195407360,14691034634964885504,16052670470457843712,
16586069730327920640,13485834925870088192,11929193431811424256,
13835879965994655744,13944125498474569728,14653177101000843264,
16001016483632005120,12022616259058941952,13803890259299876864,
15557723485853605888,9571781583498338304,16975941241978707968,
18038556055550459904,17716712883087966208,12267721147764408320,
14168705172264361984,12242868298031276032,17614267407588368384,
16454158064758472704,16321759285472903168,13333575406059241472,
15215560999207624704,18010108687557582848,16089487471285100544,
16892943253841575936,10033980675126460416,12158460521238757376,
12100921175086931968,16173523376924270592,15727700488789696512,
13877079731839385600,15413621066715381760,16698852195676471296,
11031662966231490560,17755395411550167040,14962638350900289536,
9462270483070156800,13156053623052730368,11334565453177323520,
16220338438846521344,13697310435396329472,17482245988424654848,
15307877541663981568,9708955924035321856,17384819079131217920,
17174110723778797568,18056804272079429632,14363782921856016384,
15963485852513861632,12385033789998170112,10117208834856255488,
16583598556469796864,16087396646845751296,14833988635682742272,
17670020897749090304,10128545246415241216,17886260015632564224,
15978053050142056448,9876251999795503104,12702637494731890688,
12356761111210524672,15093899255910072320,10550971467708596224,
9721601695029436416,12317970916508016640,17303278124289335296,
12939667750431801344,13876903608115380224,12837468836119560192,
10028048019620945920,17529097501734199296,16941231579740364800,
15875750940650831872,9460652714918543360,12033224922769522688,
13475482289455570944,16985228657784922112,12403537685930450944,
17632045200644849664,17335106864199647232,13750777108874805248,
13648652256979017728,18257341500630130688,14931239928058503168,
10438159461575131136,14454623331297427456,12861507055110750208,
17587750124884434944,18277963674432741376,16357852202058817536,
11911807193744261120,18263085641431433216,10722118737563926528,
14169984647317020672,9864646079038808064,13225332008178081792,
12816931578115653632,13779279177571041280,11850462918884655104,
16366961569995825152,13245609459315580928,9760548647448027136,
13622263445336506368,14716176102205636608,13858632353381826560,
16089384190206959616,16133634563947585536,12086949766732144640,
17495250668360990720,10557062229550661632,18216037732152475648,
11400650044787040256,18290819825809727488,10731802192304381952,
12804371672108023808,10303189315434299392,17659349583350710272,
12509585784293220352,16059799802636918784,14959967005796458496,
15907419817583509504,9339829752964317184,18286257393720360960,
12162009723298848768,13763961065040781312,12224885879848574976,
16576327211197612032,12749085422849638400,9751284385810759680,
17743396587185594368,9864207154856091648,11427335793288437760,
13806094479466397696,12876736996257595392,14646790050840346624,
16450917649372913664,18197292244309942272,12771584218187735040,
10310909351645396992,10301949822232477696,15687309211884109824,
13857237854810529792,10722183896512913408,14919157029708816384,
16591579894196207616,10437621658655195136,9502597159373045760,
15205400811687649280,12442657094171172864,14919425254711435264,
12452997713267802112,16300319251113263104,16815294230859694080,
17611959373768450048,17032621474412847104,14495331692754067456,
18295296444452864000,13522368725144141824,13424338274161360896,
10430304305693368320,12960944893862191104,18350795797103222784,
9330222100102037504,14304915125139783680,11091949562444759040,
12063780277891424256,18013144692565336064,16193474560871489536,
14512502375003258880,14826514769817763840,12420508562006081536,
10618088964593360896,12668914721489035264,14379234629344436224,
16027272980217544704,11775664031905497088,13651089809833345024,
15111800391837507584,15732552569178972160,14534969091230425088,
14700950279932968960,10765779923396362240,13872033248346013696,
13195885317260156928,10186127963147378688,17083760735178366976,
13115521067493212160,16538002754158903296,15890894080508608512,
13314525198877581312,12093201920560390144,17732787614237515776,
14744734456448679936,12429359755163795456,14564333524935180288,
16337953717361188864,11905495369935691776,16188216107857027072,
13551555437397426176,12279603007285575680,10408487740140371968,
16544046670792777728,15799404083033628672,13304165334032539648,
18012454031759671296,17791094552649760768,15975361316828446720,
9523560014276894720,14176477117450264576,16926003073113104384,
12959992600828755968,10852979806888509440,18365987302587744256,
9256555856128303104,15041975399109353472,11276633327971590144,
18272996334302068736,14017637656202313728,12858445207285530624,
10491677468502990848,13367155693762912256,10336045918328201216,
15093542241049198592,15747306868467580928,16545501535129583616,
17592356511669510144,15349356385893900288,15337299493571026944,
17916992138723688448,17257254422976954368,14552142487898849280,
9597315546325950464,9751556270125785088,10567839719835869184,
16908106760434728960,9542093781706522624,14558625509103943680,
10271066653732626432,10519655804591988736,16476931553320296448,
17940243369382379520,13642868014068334592,13150402485473837056,
13079546378472398848,12641667912819875840,15271514467340722176,
14295550133634875392,15851589065256550400,16597166847784468480,
16165022498479955968,17748607335998513152,15560485308739182592,
13645639002413891584,10887321304530518016,17059643566098579456,
13886694930960130048,11166795904518037504,10906768950806552576,
13366174444059934720,15773630632830550016,13322450122208296960,
16525979972466696192,12499841091909312512,10508362720663166976,
9434014554655358976,11074520902985449472,16052794109682122752,
16178074427351179264,12142020838129278976,18046085433868558336,
17158617333633728512,10537189424462446592,16456936144095297536,
17077983669158240256,15944824782253875200,13368894408193630208,
9235683234192916480,13105262237459054592,11374081222475415552,
11125335597367533568,16767836882348711936,17117917626536206336,
13716296329739223040,17351929469414588416,10637214449667588096,
16275383676015599616,15988718828327985152,13816450946992365568,
16652049851153514496,18045385130861068288,13446908615065010176,
13725182067318857728,9734912511644737536,16448879833420079104,
10637922311817805824,10687553296032808960,13340632810421436416,
14915883577435119616,14607597254494085120,13321892665518153728,
17149729233822187520,12675339090621071360,13763026119380402176,
16212874726284632064,14306027328396304384,12593199735165657088,
16091606861552992256,18331517922294874112,18076780311002726400,
16370835918260199424,12037081657373089792,17297617438998257664,
12707235489151385600,17257928191676776448,16833920387331391488,
18343305189456027648,9946904082966388736,10110401277333086208,
15946711432538308608,12072056804425089024,9512973839015362560,
16512426820912242688,9285662067809345536,14671015977082707968,
14296229743490203648,18193366687151587328,9552127637059043328,
18313830482466021376,15220784572793397248,16358337005082943488,
11786184004541857792,9969327566052966400,14079687680088129536,
18155443358583742464,9809642571773304832,17362352268415393792,
14828271458687123456,10554088600353964032,10606735416115134464,
18421646569756172288,17663472923754176512,9938889394819244032,
14510048952245305344,15452942806571106304,14071314851798007808,
11672703168920969216,9755815812531838976,16814956002185666560,
9845891262528126976,10392830183460143104,10591895840251019264,
13862142930801434624,10399907202937233408,14633972996551319552,
14941734620517679104,16199046722592817152,15010921617328553984,
9509243002789093376,13523435869898924032,13873492304571523072,
15047762128806936576,9831294519819763712,9489979224062820352,
11675863590541008896,17275637553019101184,16056458476995092480,
12637268354480816128,13079726762804002816,12431307308084641792,
9692944535065026560,13694247595434205184,17912737909192679424,
17480102593586626560,15857290780371222528,11696469945978880000,
12894442187187396608,15822198213208350720,16328411300757151744,
17542800929900576768,14757428734803492864,13681128476094676992,
16186077424597721088,10570535288555888640,14001141983898951680,
16682764313338707968,10051729064837447680,10048640854502604800,
13593060854590218240,11707356549907947520,9643668684515516416,
17969842183747813376,15820244149117599744,16244445278530912256,
12697715685550088192,9653031373918396416,16784253003268579328,
11490520727923097600,9798399786206593024,12078379112249131008,
15778312516550959104,12535805657692741632,11861360367606931456,
9496675245581320192,14944157695037128704,12586531948762742784,
14139579169375182848,9855291502830018560,17858443316343595008,
13745436239733915648,10697036828635824128,11004548013058949120,
11992279513479192576,16870678989488529408,14422949562398023680,
17446192194697248768,10069228690041749504,14049699007246909440,
13155839299890929664,10796727967378333696,10282033938622603264,
13295214802577096704,15161642310487015424,17664016700973809664,
16232429042368749568,11790396147688579072,12834398260921409536,
11218856319805014016,16143132729504743424,16002789991593590784,
10434901634392776704,10533277615494324224,9806628548408827904,
13624013068984909824,11869592393984311296,10752033579918491648,
16332266721100439552,14574949408486268928,18029358529115922432,
18316551142384877568,9473853189529616384,12784943718257737728,
11310123734894927872,12556426938142253056,12821825418472284160,
15196930753928658944,17762788227088744448,16710344918276341760,
15642306076406226944,13011777485373546496,16868452448377610240,
16260960853713534976,12082299433843015680,14323842865625415680,
10929769509994684416,9553242387231137792,12731896345256648704,
10275445153848164352,13885716314072154112,10032795491787210752,
14500389343163654144,13592161965179805696,17130227599807488000,
14926140972950700032,11060176824613879808,16579907809468891136,
16785749859501170688,11470142697241468928,13689652787881598976,
12877453946559496192,10146731271819001856,15840109966294679552,
12318091824133677056,14638810177698963456,18098968468536598528,
11441571088730013696,14308317353419390976,18029964282713522176,
14427310019355729920,15864787538412494848,15443707398524428288,
14493106255450734592,14051177485314228224,9873791872594280448,
16948370064495747072,16878523021405396992,15887598887110647808,
14393627129178898432,17651871001612337152,18136209356866142208,
17864766646370066432,18251308634948460544,9947932955267522560,
9497715624099610624,14342774209587937280,11502315481212092416,
9639542767132778496,9536101305896902656,12357417279135129600,
18349317301857337344,10971049376979337216,13013696859013627904,
10524965427847815168,9313974668318728192,15031555915824226304,
12098121758354374656,10026682353165795328,13810033840650977280,
14997721241503342592,10477879967669559296,15311631682384175104,
13200810399209046016,9479307308369461248,3879802874380288,
12199091594760249344,13272855984518225920,18039326014338785280,
18167420394580180992,10061935766853943296,11967080540921692160,
11622704552685576192,15723373974960250880,10440601459721543680,
16660041415197442048,12269349790774509568,14920057147480915968,
9418148696356544512,13601526750526889984,16308066014906605568,
15979498276573675520,9955120699001602048,16799361177797853184,
14112367721171918848,9959803214081630208,10156910318540890112,
16394233611599233024,17494721223448412160,14372994170713358336,
16724619628632104960,15748299675928715264,18440972178831794176,
10516371486051434496,13471140532786921472,9600652654311211008,
12660428046501978112,17485111478936772608,14594480789444993024,
13839992457311600640,17226923935164121088,10250854726616858624,
9688373414257287168,16214933793736351744,11713987528441847808,
13567856895576047616,13394880704091914240,10801294754564931584,
14540696339926556672,16956159954054684672,11112914921315246080,
17831053562573307904,12089840155169538048,16809717593784074240,
16963708457861865472,12878878750420393984,11806550962798223360,
14405992069441355776,13120525309984276480,18376476742301941760,
10007326417326809088,18230193501979713536,17811486202673668096,
13926150626550857728,17527598257501552640,16870503321031589888,
18320007379877748736,16259945076768301056,14928460684787376128,
13931657332970094592,12262885414022610944,12903431467838930944,
15684573300538089472,9802891394285772800,13030965393502707712,
15732863413143355392,16972517384246214656,11989587496697806848,
15208754704405651456,12521736693451284480,11311609660435554304,
18236671266145075200,16903546978340929536,14856779274050043904,
16962703517119062016,13628055745607213056,11481089499432460288,
10477923175040991232,12724978492972974080,14498210613628747776,
17835068596785963008,14870584033378820096,10241526976773087232,
15174219138666528768,12642566505878519808,15149705754558332928,
10765301373846626304,13237168422651174912,18119092331643936768,
15684674494262624256,11129364976771547136,12098170072441569280,
10886293261159718912,11381154299173429248,14401717589139283968,
10033491134755864576,18249132529638735872,16204011653248090112,
16439282114817925120,14371775061426479104,11844180103286530048,
15047962119664812032,9607119023928295424,10074088866444525568,
13904247517407076352,10981553020149751808,13094184284147998720,
12979996844802703360,16301918623921143808,10748259403177459712,
9638589469077020672,16312183703132774400,11159162626647597056,
9820044922435682304,18301233480826437632,14711788170343956480,
13365705072854982656,9591931134806417408,14654029291233566720,
17060549954523136000,16914935002522025984,15088628695384293376,
16228634559022407680,10897153923486162944,18327030381551132672,
14049455959343415296,9948452573296312320,13193873103608201216,
9853574898891939840,10977133868169420800,17408852165638086656,
16329435792192110592,17395383865457377280,15458211095061594112,
12959631316770955264,14021289426377121792,16265809257610747904,
15570216471977607168,15719904281335578624,10221650778660421632,
9722358498333384704,16771179359043477504,12803833164814770176,
11450365072923787264,16490112193772552192,18367507540623130624,
11275713041035534336,11369782338170298368,14118230338646220800,
14896667468552060928,17689476257787854848,10486189595516387328,
9258089636195590144,13588834684080939008,13139497889927979008,
11439398960560209920,10096564859801370624,17252487086589018112,
13671788502774849536,17450041623561314304,15508366267150442496,
10013832274873303040,17722768808451981312,13756314275203727360,
12716858191580389376,13322820614678339584,17421543639379042304,
13912200585658662912,12653705645294845952,14990233605973180416,
10027842582746931200,12251915560742789120,16021181629966295040,
13405538596718034944,9764728999248379904,11150146545400659968,
14760861122343657472,18030515619075973120,10194310236624904192,
14787612437815951360,17808006828192694272,10283885151132319744,
17290215522426363904,11164782664369053696,10285573090459525120,
11012186809964380160,11852565283902865408,11414634651577761792,
13681719794308177920,12246187410104803328,17437238596634959872,
11495781620479918080,12161346271112101888,11482962564735336448,
17907019529606373376,15675383517928792064,12667363598346526720,
13449956925155033088,14418458916392845312,17786641590688202752,
13007707849242697728,13629424208087408640,12889301974623248384,
11457478092816908288,10904499623232602112,14187421896712716288,
14829318292542070784,14593784369088372736,13445541552745684992,
18019085207863050240,13818641079666819072,17605601911638671360,
17731409131600633856,12997253413512765440,16498945373837549568,
12789305691339522048,10268595338141597696,17938763976488353792,
13773886068743774208,15148999210963673088,13403339856930250752,
13012845746820268032,18163150273670397952,12646509895741980672,
12570579959190183936,9870591911506075648,11367837495374503936,
11295262005590294528,12102184466704367616,13679992410001244160,
14214200360673550336,10994558864022183936,12352868200099749888,
17831539306195140608,9452527379825704960,14367352756940455936,
14514898760597594112,15273133523983818752,9583500998767960064,
15728446292682964992,15195526986818289664,13934005185432682496,
15243062155842265088,18293967663177310208,13708037532831883264,
13530505025292189696,9248062446632615936,14604307438395637760,
9440974025173884928,9470711253449760768,14669502172910772224,
11278400058475544576,12813565032426831872,9781791615825412096,
17372037015942340608,10796667601613955072,14383690185469272064,
11182337247975194624,18093449074784813056,16788769316000186368,
10659474977401495552,17792809855215165440,10541123361103896576,
13009520630384459776,9728764600969297920,16766956220780871680,
14557180402934390784,16946003344242745344,11209086759561043968,
18060593940770242560,18061996239002255360,10740524278746955776,
16606637916393758720,15352552524463464448,17257936261921628160,
12296863286849110016,10642517097897000960,9521412337356767232,
12744336619246395392,12442774926600708096,17750819854042800128,
17073523822364147712,16270348337963352064,12628296893649928192,
12008372588434644992,12072991415079821312,15464865326548410368,
15206637886824742912,17909108374065938432,16651631684548853760,
15275356697840820224,14813531139518275584,14420754752506470400,
18309154156435193856,14685374396351954944,9379763551430557696,
12633399404992126976,16484269749760221184,15705637675583987712,
10075037710620295168,15268114893353320448,14838102780562702336,
15260670903280738304,16807274521897541632,16085168916030889984,
12246709764027858944,12822169535548047360,16389820614307561472,
10835526812146098176,12978047432161845248,9469794711723925504,
12977108603850752000,13887397514596679680,13326246826054877184,
16729250239033155584,11714539771042570240,9757135935156101120,
14861169327627878400,15136868870405341184,17577015751778091008,
12189372491792179200,15720768836777926656,18413004747665432576,
9757541019291811840,15449712046273069056,14906937263638052864,
18370704667034329088,10261839247211110400,10017823325988724736,
15496680391283130368,18108360647185940480,15411707916485279744,
18103894156076212224,17069531955205136384,15053711934118322176,
13549359021188808704,11805129723761033216,14502932513559576576,
9432813780585259008,13114209088129900544,10355678656221585408,
11182684169663791104,10915020008185577472,13774596452039704576,
12754103546676371456,11755658568163844096,17609770074320592896,
10135377426989056000,14481920631604445184,12081269427672121344,
14872983704622473216,17959901683805790208,13067638809279012864,
11383954192649568256,11881414192683499520,13825477301802844160,
13612649766636904448,13941500856847261696,14292076372677320704,
9876977273745342464,9619400336883023872,18218679927315595264,
13320565129783451648,10748593955360710656,15283834160124239872,
14780466711747543040,10666266673611259904,13590881072789307392,
14718421068728688640,9279330439908024320,10674360402041626624,
15390225276050014208,16884410674245009408,17269452211703775232,
15983388722375892992,13987687358895497216,12022974081376722944,
15621707915767005184,13768510182733660160,13268590124216631296,
16506838531590807552,17075026936363769856,10674859807953936384,
11600944053636792320,11478426804393377792,17847816033951318016,
9652984653265739776,16469349802173308928,11486453127607001088,
16381651942993281024,11310117073401724928,12049699055814623232,
15846705159162028032,14330628926839250944,18249586228509859840,
14324630738722619392,12572668052030685184,15314771243349114880,
13306467024188481536,13832299853057695744,16208867143841816576,
17149835018868375552,11928718352596418560,10130008327026982912,
15776966606945804288,13642698358567034880,18319826467266060288,
16908002942487134208,11668584222271045632,17116484619289591808,
11921252638579269632,17326565492805181440,13132360032239853568,
9793572706824011776,13053036036436901888,14732484750160805888,
15899949220190543872,10982098369328046080,12109309499621367808,
16730708930186248192,15417065029193826304,12167325904970842112,
12027415193525231616,9368328351329165312,15103971010056167424,
14786184163622207488,17024559816505442304,12675721385661841408,
12485533834293895168,10738747004100435968,12792931940817854464,
14074426375217184768,17159981144665653248,15040787084739772416,
11734507426189516800,12334688333680779264,17741760054324011008,
10878024147740770304,9378385519763963904,18176047179992580096,
11434223353170616320,16883987315023863808,11411521646397415424,
10215805955236823040,9930150742691348480,18032811231851773952,
18296120262132113408,16108637128437735424,15609516934565142528,
15867687070835556352,14499137978673348608,12029487223187652608,
13073783163723341824,9834593948057952256,11308395603265019904,
16652181809730584576,11073306973430841344,12143826137439764480,
9940900405883346944,11718097726245937152,12270654133688836096,
11705339199475859456,12865016713408921600,15197325306805600256,
15215589582217601024,17695137673224904704,11625552927752708096,
15096210158771437568,16698089950653186048,12502566695337197568,
10835317703073800192,10318482122019708928,14631879221471092736,
12949103248122789888,14686733869465747456,16832878522756513792,
16670406640162791424,13489770773773312000,10419077012075601920,
12715592357344935936,13156254103538794496,15971575419123302400,
16868273120609804288,15622340856507572224,16791299176292196352,
17623703059898548224,13990835114657234944,17797793675136516096,
17838457974523682816,18092732227563872256,15729422478620286976,
13369854891732238336,16730923493867454464,17569558601925984256,
10182709147707383808,17045588057991225344,9781094018647924736,
10060533747796164608,10024151638177300480,18122299482509230080,
14822418474826489856,17819304275809230848,12931615395423805440,
13757496632456806400,12377022636611698688,15140370960969203712,
13470844502167560192,15225799720207491072,13511222773912281088,
10223773033671737344,16386542708152713216,9366747726055063552,
11020189545218498560,13875173994723139584,11327273165647110144,
12968808566666887168,13112149913304956928,17352047546657538048,
10077182986100736,13878319091899834368,17956103532557246464,
17595256031208357888,12290045236720582656,9429458805536997376,
11373046526201389056,9322192173413064704,16690520792348647424,
13916186963850395648,12864038865319919616,16404790976221446144,
15097740197921136640,10361249533747699712,12720067305245417472,
11147761584422109184,13194744462279360512,13793064970326818816,
9731493043369533440,9700727917750181888,16955493959247257600,
17293590151246249984,12336562678883876864,10676211812119543808,
11294279317073829888,17734198274773426176,16933455580108365824,
16103669972990574592,15406278656916930560,10733583671726915584,
11816733277991624704,12726091735612481536,11396193655442595840,
14363119431016153088,10453297499014135808,9468655789476904960,
14576463118172069888,11863678911214231552,17689905999331696640,
10545360311982669824,16662396092364079104,14109747237071863808,
14060977630022918144,11439709813114134528,12773718645137727488,
9816594109488103424,15284538865473814528,14497069131581882368,
14282148645967699968,16835902772438638592,11788622545240465408,
12276896413387538432,13742945588200620032,16326090278957498368,
9985829040859865088,15777829633379557376,15763062311750230016,
12038568218571014144,13247457424831971328,12454578750861377536,
18238165936240304128,13037923073019912192,17457433979538415616,
10365126248538816512,17473275236265279488,12325001150909169664,
15437602008025784320,12528458596443807744,13973989269375082496,
11096781452195135488,13316115960277041152,12365924436824096768,
11565477944578809856,15941000599210369024,17636352421485158400,
10003144012535185408,14877074360324669440,15699469612921470976,
15081574503659888640,17100149312475193344,14798236636424003584,
16737139853438517248,17090112089868566528,16486787451000029184,
14554627706302799872,13214439159369408512,9350381568490315776,
13952293031626194944,12327179085875363840,15773710149857427456,
10688150506942816256,16783340133741617152,15073228231152361472,
16886449392142057472,15841130635209605120,15749448463717892096,
18148061151617687552,9934327594092208128,14220811457804247040,
17075517627788247040,15293858605203865600,10556527622089228288,
12798377624342454272,10295108888520450048,12984614883834880000,
18436795804174614528,17736694088859287552,15252366060028592128,
10922760054650019840,9434401956412694528,16556010744579792896,
9951990913385218048,15510673416208957440,12548929029051957248,
10990019770786373632,17056196464003964928,16151414968346664960,
13296170183694352384,10410190265179111424,9867326731339890688,
12437771903882371072,17736681989936455680,12211120818905358336,
17131877481431580672,15187196077410041856,10462209354290118656,
9482645533047545856,10986600714825588736,17499449570126159872,
13874611770615660544,17024111194287079424,14743810553151193088,
14671215568506331136,13007393818414915584,15760348343390937088,
16013665566044733440,17546367595299192832,14576323261152083968,
9237548577142628352,14175408563949395968,16163872692787470336,
14713435354724073472,10028656479050661888,11427067186036604928,
14152431081617399808,9424526980490731520,16753711392044621824,
17775271914604904448,16726913308673458176,14047627969723908096,
9564339152497991680,14552940857897279488,9976220529003880448,
15647366192123936768,15860339498484006912,16035482496673808384,
9979571943520673792,13802907618030428160,9710241828656947200,
13738672340550631424,13791462290395807744,14499296140844646400,
16668203970476466176,12044196232046632960,7940239188090880,
15457733636429807616,14315180346088161280,11352524154554089472,
10271579348272259072,10928253214742355968,17776447249589280768,
12469264700036726784,13631152472863883264,12921119577684656128,
10670656808789598208,13845083668596219904,14829932971082735616,
16600321578571530240,13753262945754513408,9525556744575352832,
9711146627938525184,16950998365439369216,14623815020941516800,
14734137913134694400,13028435108011294720,12470410051854385152,
13130837552229670912,12034803194404921344,10217003980529983488,
15724472760736579584,17974693473864777728,16991658223830171648,
17225883771392401408,17157450214928162816,13403728366788288512,
13681571965826154496,10481662614088597504,15897026688219758592,
16847236533999296512,17494003852242739200,13069705779471081472,
11963037585124622336,14276717183076663296,13059738362963820544,
10551660096994156544,15607872593447624704,14449275766300483584,
16960107119191801856,11919502379273175040,9266558173534240768,
16606405240832417792,10584364494836752384,12702073320711938048,
17674619424742604800,18135940384537214976,14220234940045361152,
13244919803531010048,12152319959250280448,9471671724098494464,
13333054005618720768,11899622165365964800,16501610843423686656,
12344333790842249216,17258207811226099712,14842965929079398400,
12858388109989052416,11277144291639623680,18075055585279148032,
16160290629929213952,11915054901983518720,14188528379069800448,
15014485959146291200,17929585803172855808,9544018498284503040,
18270625254655221760,11306615597015588864,12055698004137566208,
18360568935054671872,12282658120601272320,11871849820203352064,
16847208535107411968,18221818663642701824,10088188208987873280,
9580287611608612864,15001397467218558976,11022297695552389120,
15291769593236938752,13502723583385919488,13751353076873289728,
11896401279196463104,11657600513423310848,12488633430583672832,
15150886836202774528,10186027168853794816,14027745831667507200,
12805279649668153344,13473006820629037056,13038273434973519872,
14987563776990142464,13140185797657518080,17783449832984305664,
15861957227977015296,9901535673402425344,12704474177365770240,
10520459191108411392,15934201090451611648,9796550326042664960,
15170863854377943040,9519833052109520896,10527716096700760064,
12571613276779241472,16811189745362329600,17904163543855587328,
18114256537768886272,11944173161047851008,16499118890513793024,
15523502814230945792,18214887127592935424,18324829017536143360,
12665222849204797440,14063536584419131392,18095218511113830400,
9636547594377453568,10873612546309578752,17376019197947240448,
11734268827868037120,14747200910136672256,14254869710939324416,
13960535108223213568,11139499553399742464,15314367890082471936,
15932139716603002880,12462409326642053120,15665580388217241600,
17790498836389814272,9259164851190882304,14158945421724213248,
17388241893187649536,10049997381266833408,10059346451328401408,
18179090847218540544,15178399280009584640,9725907631671091200,
16850473023785156608,14648293306573012992,10847331731619725312,
9386298563212107776,17648985518027071488,17896495768806907904,
16425574005135933440,11828928631466655744,17730953207934648320,
10505497389065084928,11438755359708454912,17216804060204933120,
13369635582108811264,16876482838923624448,15508920592807280640,
11130572704393256960,10683257671605608448,13777852037247328256,
16672192886993125376,16632610713206325248,9642461506646114304,
14505528920071544832,10995795501068394496,15281254851871580160,
11116978157943865344,14084643660029575168,17773893002469916672,
10497925078254444544,10079872782935875584,16988514891881340928,
15410710341608636416,18172820555743723520,12829778143124750336,
13907422365819969536,18052981261559242752,11703122996347904000,
9371005666434859008,10121200375597219840,10830195473533747200,
16686120598350716928,12698090876711591936,17919172294186754048,
18342011394981232640,14019528206315814912,17347196943733882880,
10748929246274920448,12865266349790076928,14079968145745911808,
12509411060727824384,18130946424199069696,15914205930334470144,
12218532854418006016,12475577576112676864,10745059330416992256,
17447930398025089024,16156055865190154240,11932708471700488192,
9634698194344910848,17575000239587631104,15717302690792906752,
14282958358968713216,16000054123194400768,13643456209838194688,
17065272837998567424,18242021047342129152,13305403946764918784,
11616835101916594176,13120006688386514944,12315104695852007424,
11397722474818248704,13271896862484799488,13687530751912910848,
12284130860592480256,16745575654535675904,13389015848937668608,
9534378087706746880,10860534783210381312,10188574492482166784,
11721770155209359360,9774826922625695744,12370986974901796864,
11451655689119178752,12298946457654239232,9512528794502668288,
16256372673293565952,9961112620759498752,11164922392537579520,
14795261495394951168,17109226734441979904,16371449535941173248,
13732923333551849472,10484835336491368448,14645144459889737728,
14259104162146426880,12033848431761432576,11710724624605126656,
12052255647979814912,15028279865093144576,11701112165674139648,
12119077402006020096,18202213035585069056,13595668174614978560,
17551995552936787968,10756346199528734720,14925381858953953280,
15790383380401004544,10164403271239245824,13250028817453588480,
11064878267613364224,11268698607819735040,15152820000982745088,
13606485990348218368,15090104463325192192,12450302943410970624,
10802522389360476160,15359346295140057088,15121182365642326016,
11604560755399663616,13515861467438063616,12503962688554213376,
17587042662165856256,14436080806429016064,17783606547751059456,
12616255325768081408,13526859646027522048,16276101811725885440,
16033036250802388992,16350839864788877312,10277741518240579584,
14841337191581982720,14804618717304561664,14647382099196354560,
12004413908485521408,13753833927293386752,16211607070980685824,
12336962003465265152,10711304422229139456,16213092588499230720,
11814730762371596288,9732261825332510720,12302027349364572160,
15460963469016834048,9423194977984978944,17461180131614924800,
9737224239136260096,11458697438324998144,13208467454017421312,
13615223822139154432,9457771101100335104,10039468964725415936,
16967704353698381824,15573150991200714752,14119123747676127232,
12895040342986498048,14760771542208651264,12181771653805809664,
14792480392401829888,17463328250918518784,17215456200683208704,
12072257611325169664,14828484643682705408,14195681891914670080,
14620554350486552576,9459321133322665984,15041014533319884800,
9865486548303814656,12873441875872915456,10274917645963042816,
12633851991463510016,9937101395638042624,10597202581581545472,
11392503428128923648,16718306104014757888,9571859404010381312,
17862212145849794560,16672788448633651200,13812691557822070784,
10591989814134546432,13267215257938141184,13471619447408402432,
15023308092555902976,9342329174822207488,12016677126742065152,
18422787785515327488,12020098411791114240,9666422802773041152,
18383637290301521920,14644890635913134080,12182867407337291776,
9674217545645432832,10400632996574797824,18250830613676695552,
16716839278193950720,10021999584681410560,18381672497382047744,
13215986326845546496,13315103636482449408,17815803490912854016,
17596347386690306048,16799155315719045120,11357247922791415808,
13541595867798872064,11133997932222390272,15795523184943865856,
16789694048226820096,9910003970226307072,18005695673085116416,
13836766086467215360,13261196037366538240,9850524741965111296,
15263075853035962368,14333851827346145280,15108302888298283008,
10921883597850615808,18120956472002945024,13884234232525955072,
17064223100747202560,11622155883496947712,17980587766719135744,
16875361079365820416,10796548867241107456,17484102320534282240,
10661784510163091456,
15529207961024503808,
13162772274753355776,
14479717777235566592,
15545079093543895040,
13848312736675078144,
11028001476546478080,
12546171883382988800,
9281518266181320704,
16193739135151349760,
11357509864257077248,
11050982549467291648,
14318523917995212800,
9596939375909412864,
15383137690950713344,
9365575354599235584,
14628969582988787712,
12922201595907317760,
17427830668339625984,
17644506824915476480,
12611053806840119296,
12494463655415062528,
14473597388709380096,
17544618766217469952,
15372438957481230336,
15959671608022114304,
15672691797497987072,
13503875223032422400,
9539692353821605888,
13005744164423081984,
11356044975466627072,
12194008664172683264,
9737428997407277056,
10504041335022723072,
12957553123828482048,
11904713548448456704,
14262239926359490560,
14408804066132828160,
13238199180440977408,
9354339316426170368,
18321137914052706304,
11600770957862346752,
17970055742405591040,
16290761136403243008,
16506019206447104000,
17397085011807444992,
14064695246337228800,
10229538005061623808,
18105684594795642880,
13238210733903093760,
15843229740343148544,
17290047468944154624,
12984782086908870656,
11410060584420319232,
9628655162475102208,
12650308772838727680,
14048958812582281216,
9911781738794688512,
10314457690416332800,
13659591439897583616,
12832216181311012864,
10132116541786824704,
15744651410447286272,
13875020767467429888,
16168346798871576576,
10763282833705312256,
17790721002163978240,
15040703916990849024,
10673070717849894912,
13660418388605870080,
18169087572034273280,
13996537748892246016,
16171422128599564288,
16975488668390236160,
14263667212711739392,
13711994245681897472,
11632576032503103488,
14171167653109047296,
15890719713426292736,
13858815082765639680,
9966805105989812224,
13578243475116302336,
10033138466399895552,
15700160879315312640,
14285849559154491392,
9884203667887955968,
16032862124238913536,
13635275237738373120,
10094601531464843264,
17533915123600826368,
16701239746521972736,
17905372169128632320,
14088876921531400192,
10331180948742479872,
17913585001297100800,
11822506366869987328,
15293199976261517312,
12344380455663214592,
17849616321031225344,
13525318968244756480,
15023802061040189440,
9650053548537618432,
15997693128133132288,
17545120461347971072,
18365429394926043136,
15699183310399184896,
11342394100521746432,
17258117307676614656,
10841997833210822656,
15893840007167090688,
13110151507969720320,
11835999088234881024,
11048265351293206528,
11548953045020090368,
18086333018348634112,
15834511124236525568,
9716373220887035904,
13884539553162141696,
11445793930639523840,
11623589212868534272,
18196142013413818368,
15823441271232897024,
9974277984012976128,
14991980210257649664,
12297067667161350144,
10160192906210058240,
14231114169517096960,
10010122226287271936,
14764903438187266048,
18387267972186546176,
15118824050641125376,
13116669168086212608,
14895697695000297472,
12163650860367814656,
11430355619154575360,
10896413630037319680,
12726397794980036608,
17288334876505382912,
14334460132155047936,
15933042913867063296,
9298979382709846016,
16600262024556584960,
18243047162275053568,
17026191577658843136,
11347069335632510976,
14432785664570990592,
12188438632756592640,
18439905519408439296,
14681935154043879424,
17148401272883978240,
13077442243929522176,
10594108469963087872,
11056400298525032448,
9874295096732262400,
15199837235606962176,
10164250525023592448,
14417381781543845888,
13256989262929993728,
11575974917662588928,
13795703892721033216,
13007901964583600128,
9584392127171567616,
16231119339336286208,
10151585774569316352,
10165978300172533760,
13235559373282811904,
12883700151857528832,
13970930574053695488,
10859223293473161216,
15642914089156321280,
16672494788835917824,
13478129471074459648,
15023876260895784960,
12442418959710298112,
14010445230954659840,
11605830416453230592,
12502695673203687424,
10645601197947265024,
13143533222155436032,
15482953748818354176,
12815624181481668608,
10536498209606279168,
9521041204936916992,
17899057227174469632,
15162730753984266240,
11387776941175054336,
18143964092117794816,
13323970020940701696,
10058088296495448064,
16539767277048832000,
12834578692497752064,
17981851178595540992,
9664781528267259904,
13969574244856668160,
15726584149481406464,
13547269674217037824,
9559783626718117888,
14982097443265519616,
10852452410675249152,
15900837453785817088,
11404747606797156352,
15516227131043586048,
15263316852242235392,
17045223630014898176,
17919839942559793152,
18041162430685519872,
12009369793940570112,
11954887339221868544,
14402368835030253568,
14074014371888144384,
9465354711971577856,
11464944717366747136,
17853099410660196352,
10191917548998696960,
11735846180379377664,
9421035369645957120,
9607435279550087168,
12186817428631822336,
12635990837933883392,
10771625034584940544,
14220736459083874304,
14996382066405548032,
9793148883745128448,
18404229257600720896,
9488833558717169664,
11549627578224779264,
16484770087679868928,
12055749054121172992,
10170768889515147264,
13596358053739175936,
10692458896010067968,
9607871300335132672,
14228546358895542272,
10556943203123437568,
18269101855527518208,
12107110334631108608,
15227953530341294080,
16682394224597278720,
13840543913932636160,
10173460373720948736,
16706429308262318080,
18172846269715095552,
10655166064346185728,
9673567704210399232,
16127612916720926720,
16568702003571007488,
17611630293375467520,
11348377801715048448,
11576862863497068544,
14476016451731300352,
15018622781454008320,
15234519191012237312,
14315616091993800704,
9838210383534891008,
13465388420526784512,
14595049305676472320,
16475940498207965184,
12239971553045422080,
16268661472377749504,
18338908478680653824,
18082443251153436672,
11021129541759868928,
10301548985821249536,
12844163921336688640,
15989473123370631168,
13678371699797106688,
11970013728707559424,
17448180644296908800,
9337187961531924480,
13214424517824880640,
16034643633725128704,
13346763970727010304,
12888089041499226112,
15405062953538068480,
12095678278445744128,
13234255395442843648,
12948826866976489472,
16383654084947419136,
12479874184088600576,
15878347248382992384,
18209702621032972288,
9716503345512554496,
15761675097442336768,
16180685952151969792,
12122773363100483584,
15470264937958088704,
13035330703773679616,
10312380562629484544,
15005855080633892864,
13865590883303071744,
17061481236577173504,
12426012051496558592,
11980717573188419584,
15077727853639180288,
11670036269109166080,
11433810937525395456,
10067149625223905280,
9992144730138189824,
14000142849953087488,
10270083183532695552,
11297367248235003904,
9884584498344894464,
15035811700134526976,
18091424259697958912,
16952788868584603648,
9676686391633682432,
10957365847398465536,
12411959829037244416,
14953412043891212288,
13345062137180921856,
16680841847323443200,
15211874822053126144,
9441618970348060672,
17409634708680056832,
13520818572664750080,
13960986539353694208,
12682077348849254400,
11947840131113689088,
11420969264483418112,
16888802780816367616,
18243730397084024832,
12628283081035390976,
16250191098665811968,
10371168335515672576,
14076691781486968832,
12250543997297172480,
16808459950051377152,
11992877682165637120,
18048080622273003520,
13382965515626061824,
14594514663853113344,
9354068510150615040,
13458935833460604928,
18276892243303473152,
16119965516997738496,
10506738527242444800,
12053004986631749632,
13296262233432694784,
18301950658761375744,
15590656577822187520,
9444716195819487232,
18350783698182545408,
9632526822091735040,
12456296776434147328,
10479729410653257728,
12277708510098333696,
16579788886120841216,
16327791382359171072,
15101142688192528384,
18220143317162926080,
15059760691180486656,
15367729272440774656,
13502063734678650880,
10472934050836553728,
13225863922700304384,
17328568240350486528,
10417734907810086912,
11696159200801792000,
16121065247669043200,
10514413728289873920,
17032551161505611776,
9523944147563945984,
16046433653960851456,
15128611417822191616,
15601283714187132928,
9773579311938674688,
9343687471117254656,
18021444283075551232,
13276406784307134464,
10713723429417558016,
15995466672923656192,
18425348582458974208,
14224622433825390592,
17045059188603428864,
18178778384056139776,
10139736402183020544,
15597571449399246848,
13319340106326712320,
11627412008642002944,
14900561474882101248,
17159932259348250624,
17848440449182212096,
12855396274428985344,
16078668122251878400,
15274564701577052160,
12174738576142540800,
13165106190049918976,
9435329540499496960,
16758023363115941888,
13043484441487941632,
11882079852485492736,
13005562341280538624,
17293756332120834048,
9481198721773969408,
11953751891604258816,
9665868782060036096,
14715897260046680064,
18357871506617933824,
11436163888114712576,
11007778524252233728,
14200786765492158464,
12853387518224801792,
17765705995943329792,
9349823403130544128,
14288673066362535936,
13502147078519463936,
9922079683098918912,
15313428065342414848,
18062100164326948864,
15976864048578535424,
16243834147636494336,
17524338411685273600,
15046286154707763200,
14462111379147726848,
9669758235723972608,
14003497034728628224,
11397976058280837120,
14908123559375970304,
11841403849312878592,
12832801679845679104,
13189815849868656640,
16569923496566398976,
11602737885383311360,
15644941537060413440,
17194338525097328640,
15279837439653158912,
13682576172133498880,
16769171019452506112,
10175206548511260672,
16886775942800613376,
15210766591642714112,
18252554811121491968,
11333287193599803392,
13842020631060684800,
10494321480433680384,
9826381768721195008,
11768761027322216448,
9613776102975643648,
10281067747072851968,
9704059017072009216,
9625514626552758272,
16531291962247028736,
13265458350025424896,
15009116756105060352,
9447981019501264896,
12573538753567629312,
10183023900087140352,
9228837387034025984,
15617823852283953152,
15991373921274437632,
9251317671063076864,
16841879653219196928,
10560834052649287680,
17711445672634523648,
10905952052320583680,
11846127475816062976,
13439880824501764096,
12796400178445885440,
14984798737174577152,
12315890266845437952,
14398830572250300416,
17206024985077063680,
15261239582717624320,
10582277445673803776,
16046125636082991104,
10918454431536390144,
12595811534841856000,
11211744038644637696,
17839886630966820864,
10972650695404331008,
13129707550629216256,
11519114425449897984,
16041302989105070080,
11091414160410746880,
12760478407717109760,
18395228629643911168,
16788081644488982528,
17440688108206399488,
10004187607980163072,
17442069945214427136,
10590952205870039040,
15761483520423632896,
12320822487029268480,
9686079450747658240,
16709147588766892032,
16965336022831767552,
12964063688658436096,
16541453098955497472,
9654415306869112832,
9875112669525516288,
10094618324786167808,
17103218178274058240,
16571671994928955392,
9310811592407359488,
12402904199728709632,
10891933558239649792,
15070933000626110464,
13852234235089788928,
14534989561043894272,
15356692567991803904,
12043785478550880256,
17240289323631812608,
17894779121918590976,
10984243275992981504,
10725665929578479616,
14622419057782628352,
18138437216530677760,
14379424681646710784,
12116559279860318208,
17307146962109833216,
12724543047711965184,
14619377838685020160,
10702476920111104000,
17289168375037698048,
13286162347250565120,
15489744272500613120,
14724241677125058560,
11179260938992394240,
16056413457146888192,
10795191133589397504,
9760972702453792768,
18415786142714241024,
10523385992277868544,
14299700150078758912,
15369777306118356992,
17722798916170915840,
16522581180160917504,
12828760119911899136,
9824239529229025280,
10484857554357460992,
15067532460269780992,
13845883095150780416,
13190544130289991680,
13512985175084802048,
12308397649153540096,
14997607437753442304,
9448619638189260800,
13113168997372469248,
15674994956530696192,
12785012716906307584,
10979650688938508288,
16916681473661968384,
14786037378817310720,
14742240914400206848,
11995881955952295936,
15846904578786074624,
12608129032896004096,
15216932133157101568,
14476490835162464256,
10860041179799396352,
15261990257102340096,
11593399750305439744,
14431022683574435840,
9860855942198796288,
13671426741972713472,
13561638538844266496,
12387835487359827968,
16669216277089198080,
15431420957378461696,
10575331096282521600,
10368477306574340096,
15092072335736315904,
10395429781134917632,
16218839748663336960,
11183231155221594112,
13729756448006643712,
14207230504923611136,
16242733875796697088,
10938659040029376512,
16973340961403904000,
9616840609387069440,
14927072276478255104,
10484825204664139776,
17672614662858973184,
15566037902588755968,
14227559401179439104,
10021121792150732800,
9656855956395532288,
17049719601779326976,
12858145895309533184,
15206914667400298496,
18304979499761180672,
12464147319519100928,
14849125260075393024,
17973669746932121600,
18006228850326052864,
12939592356576051200,
12351627379751477248,
9315481372910125056,
11111232767308046336,
17655712991591776256,
10641823572346265600,
15753049269807087616,
17086259104769646592,
17228943123843137536,
9742872146900967424,
9785114954143399936,
17483885781168988160,
12121838138265223168,
10708305104833142784,
13971757621545598976,
15801624847413747712,
16864604046010695680,
16980803578750132224,
13029073237069627392,
11471127795234873344,
10623766181214273536,
10887082637492871168,
16174057116805758976,
18360959171489570816,
15926340033285865472,
14478883879271161856,
13714690235308605440,
10007983792135249920,
15335287760954507264,
18167224775998889984,
12766400600683773952,
9852693696155688960,
14976472200043249664,
12616410455692763136,
9533402387102269440,
13085669464238170112,
12878579296709885952,
14708726451366518784,
16757499828075233280,
16698439084247883776,
11676134607272034304,
16452677572352303104,
11401172377235128320,
16105227959490093056,
14676441482850254848,
14463429629162610688,
9602920663330914304,
12856363681450631168,
12998834957909049344,
10481762549385224192,
16823710824867135488,
18016532790402195456,
10754280152756764672,
17243197274190372864,
18190129419976835072,
15774010350889476096,
10937015480599855104,
17378072316870287360,
14380490525026975744,
13627179585163141120,
9912332911948513280,
16049644459840430080,
16098116717713752064,
17605121364926865408,
15580944677511839744,
13582323041213046784,
18113056064346488832,
11818265602061737984,
14190612825484541952,
10904437732753006592,
14961496662694690816,
18044456434377957376,
12116793102176108544,
11913560502474399744,
13557383239867072512,
17473782141188612096,
11721986428288942080,
17159930764697853952,
10604806842655506432,
14857254168583544832,
12983120986833240064,
16402562291920101376,
18061225382566002688,
13422535478819528704,
14640691145741287424,
13326835704724840448,
14046030508175785984,
9828862696452136960,
14197350379336646656,
14233772470805880832,
18210535144607875072,
17797397825179262976,
12079884601365807104,
12597047312898777088,
13181872363687313408,
10892176610440454144,
15235970073913933824,
16636417355607400448,
16023139069900849152,
12032296462510432256,
16561679345494507520,
15525557951788998656,
13253285596666789888,
12770471602615754752,
18310589508734697472,
17237400232277336064,
14867882786712223744,
15760084722591506432,
13949056593378197504,
18274712938241646592,
11372459193717030912,
9900056087235731456,
17789990192004808704,
11260783026044493824,
18227487187251855360,
11795204651339587584,
13430188711109312512,
11929824405458378752,
15528339733387280384,
17332899246715838464,
11849401413423742976,
11204698728913068032,
11697981714338054144,
10830066542912380928,
12734372647306182656,
15355613650733948928,
10641084198022217728,
10559864635583045632,
9258700028357328896,
17628425982029553664,
16081972120332238848,
10195453943465877504,
16212063845049679872,
16400966526886469632,
9415549197465419776,
14680934095952027648,
15906171743038095360,
13872384550902194176,
15696805320152350720,
13695596550173270016,
12432049817736495104,
12334757203480469504,
13495952696295096320,
13287509231816482816,
14101902638218297344,
10511343767270023168,
13855145308090368000,
10633489115295096832,
11260537542894010368,
11879021724100321280,
13892306206948982784,
15191629157967994880,
9317356890640236544,
11339535791197413376,
9730740294515064832,
16286339330134679552,
9511750563610935296,
9656406483774398464,
15984682495373672448,
15933940450363645952,
17385424098291040256,
18386985410584076288,
10219098240941785088,
12793818207318679552,
11974855264951582720,
16939909713362411520,
11370408372603453440,
12410803095559741440,
14550749509746966528,
14376905666149769216,
14764152742329483264,
16546722585743237120,
18037544251451555840,
11930015600222986240,
18415295305263677440,
13681976672007036928,
13903500047068774400,
9317199819391459328,
16805614701720993792,
11198205279527870464,
12618500988075622400,
16378736841314656256,
11880246648773410816,
15532303335366991872,
9433356204889489408,
14938738962433990656,
17291169460432568320,
12270221918244347904,
12643848042515709952,
17628103649029447680,
13934202917137088512,
10690150840715124736,
11720190925801734144,
9911932449198923776,
9239093021615292416,
12704574958776066048,
11424899120904257536,
16559993738335346688,
10592272276955856896,
16098840471243857920,
11245550701191643136,
17184843722499317760,
18012090694707740672,
11329186114015371264,
15451512513743339520,
12532021563872829440,
14576062960363175936,
16748258273931370496,
13728839837563043840,
15890215810685034496,
18200716978219220992,
14621236249561505792,
13303813975644684288,
14725426860467806208,
17354231279828992000,
16211279017086427136,
12339867222425878528,
11336874268684083200,
13915074524370337792,
17130530669880844288,
17092827625890430976,
16780159555839385600,
11360903902035640320,
17910110797958160384,
12532268537377406976,
16640762458057695232,
14745632259234037760,
16041418755656359936,
14252471796341129216,
14195932224086335488,
13516607121007837184,
12568570674705080320,
10801782259123765248,
12388245901551886336,
14077647617868726272,
9501078025147555840,
14198862787646636032,
9996951816449875968,
18269779983619653632,
13857090829491970048,
17457778092317687808,
16852265717367660544,
12855232021994242048,
13389385220423262208,
15130288752874864640,
11076869958040412160,
15042047786490134528,
16503809132243066880,
18059957375077597184,
17230534864494813184,
12716108608118620160,
13275775656042602496,
13779939309751812096,
9685742600760516608,
17932580413288677376,
10514751209639976960,
14719891266098905088,
15118382820062617600,
14042521846313877504,
16508561754074357760,
11031901916739387392,
16426790468726284288,
13062717820435169280,
10587694829661331456,
13611741046046474240,
15183020235326513152,
12395138185895903232,
13091543136960028672,
12060696615929036800,
13455485772131262464,
13681230107907522560,
11497762837354586112,
10975681658123272192,
17364083565439311872,
11395830726410993664,
17025190957654843392,
15372672294467256320,
13476787349630607360,
15949154938219003904,
17200391482636640256,
14746743058036310016,
18319707569686732800,
10793397185882259456,
18247852440407154688,
17179472024082759680,
17433953157107867648,
14823193012048691200,
9811398805377458176,
13032478995813711872,
14439931412116627456,
17957242390380511232,
13520620054981877760,
14568115235051782144,
14840415835200675840,
16812817220143415296,
9846033142479593472,
10387004038850297856,
12194565154498174976,
17376150851583246336,
12345242988177825792,
12024592729997099008,
18446408177205960704,
12517504436974190592,
14427303138819645440,
11908155509472575488,
11140857063716511744,
9774266038554820608,
15379963306395148288,
17630069056129843200,
16363426876338331648,
13895897340775628800,
14781966943824519168,
13005785894328352768,
13963900185038446592,
17839679480402706432,
10386648243759652864,
10497960842450616320,
12279410648587886592,
11069129198612971520,
11208102829799186432,
18083978938186153984,
16468158176382640128,
14119030430925291520,
10620244080400769024,
11832972953064816640,
18338454303070216192,
14913694634470014976,
18195626217908740096,
14608804943465562112,
15506222004729307136,
9779067674552991744,
12212428060921470976,
16575289229274038272,
9316833381372977152,
12010873882899447808,
11523308963529302016,
17328412199894204416,
17282904182419709952,
13875684825248923648,
17774007128344600576,
17545093501840900096,
11415660483042992128,
10782042327439245312,
12117604292651524096,
16010520868304076800,
16156307064946057216,
12127047770385154048,
9721277893148942336,
10770176655646277632,
12467966211163971584,
9710273658655637504,
13859630933277188096,
13965981929913237504,
14245366571810742272,
16771937218905309184,
12312915709935034368,
15995959245539459072,
10834688189713702912,
12678267979142627328,
17005339764838211584,
13150348733956866048,
10019365923619725312,
15617549528427790336,
11840243224591605760,
14392645840818814976,
15530408739390775296,
12697602538929815552,
10609849164324052992,
14197770281107505152,
10414000669966131200,
18226363482071302144,
15647791879217684480,
12397158212091199488,
13607981596744572928,
15234885336971837440,
12889918469931507712,
11036557124414193664,
12939238489924558848,
12808788917121974272,
14552877863608262656,
15840066673022615552,
14032728947213754368,
12801731109033639936,
15867210316577546240,
16906343977006186496,
15946058017687265280,
14851402778152337408,
10788054310987309056,
10864497942807789568,
13093661882978754560,
16959657234252791808,
15552862643730882560,
16422134603915313152,
13920492436633018368,
11024589348367892480,
17745923913445416960,
10469425281596014592,
14969384752384466944,
11699599499667603456,
12963897439064334336,
16475535581573988352,
17333521935367593984,
12102245240489312256,
17144006812669255680,
16287721334644359168,
11867624603176624128,
9287488721694195712,
9349012234128826368,
11649594518290284544,
17305535318581567488,
17946542505856598016,
12689605610472742912,
17583393194094641152,
12126267082770243584,
