1000
2
0,26704,
1,2089,
2,47218,
3,31678,
4,26686,
5,11923,
6,34372,
7,25678,
8,11113,
9,25855,
10,26773,
11,23059,
12,40540,
13,24427,
14,39205,
15,41248,
16,24997,
17,41872,
18,23425,
19,38089,
20,27076,
21,14986,
22,30613,
23,12754,
24,15985,
25,22693,
26,11524,
27,3130,
28,35701,
29,44575,
30,9442,
31,18826,
32,38323,
33,4039,
34,31825,
35,15646,
36,31375,
37,9736,
38,20842,
39,30730,
40,22744,
41,19621,
42,11779,
43,11881,
44,24094,
45,43264,
46,34900,
47,20629,
48,19225,
49,38743,
50,9385,
51,25270,
52,10276,
53,29548,
54,39019,
55,25525,
56,4150,
57,27469,
58,15712,
59,26089,
60,35002,
61,36061,
62,38131,
63,44509,
64,7363,
65,2734,
66,11611,
67,33565,
68,45766,
69,19099,
70,40051,
71,21820,
72,23311,
73,6643,
74,25039,
75,43519,
76,33349,
77,14548,
78,40129,
79,8089,
80,37777,
81,39727,
82,16837,
83,16687,
84,26377,
85,45346,
86,40471,
87,31807,
88,18130,
89,5959,
90,11881,
91,28162,
92,33334,
93,27802,
94,26155,
95,34555,
96,42631,
97,6835,
98,12025,
99,27442,
100,25792,
101,29662,
102,20437,
103,32293,
104,32497,
105,33448,
106,25246,
107,28711,
108,25624,
109,26212,
110,18979,
111,49372,
112,27481,
113,14074,
114,18472,
115,34276,
116,16297,
117,22021,
118,15070,
119,47626,
120,20779,
121,24478,
122,24346,
123,44020,
124,18754,
125,27691,
126,22561,
127,16219,
128,39484,
129,36343,
130,23329,
131,22078,
132,15592,
133,35884,
134,37867,
135,27805,
136,15529,
137,34384,
138,28519,
139,28564,
140,22699,
141,25024,
142,32005,
143,7642,
144,19885,
145,19450,
146,25618,
147,32755,
148,44899,
149,5740,
150,13771,
151,16942,
152,42643,
153,15169,
154,19984,
155,23302,
156,26797,
157,14188,
158,23314,
159,11803,
160,27814,
161,36895,
162,26716,
163,19498,
164,32005,
165,13240,
166,22486,
167,36190,
168,30865,
169,37228,
170,45427,
171,25075,
172,15223,
173,28741,
174,19288,
175,20173,
176,17134,
177,25273,
178,11305,
179,20077,
180,17056,
181,37516,
182,22321,
183,17020,
184,15676,
185,24973,
186,11074,
187,34261,
188,16483,
189,25444,
190,44554,
191,6502,
192,22681,
193,21307,
194,33253,
195,24607,
196,21772,
197,27307,
198,11227,
199,20512,
200,19594,
201,13654,
202,31771,
203,31849,
204,8368,
205,10888,
206,12652,
207,22456,
208,32107,
209,17758,
210,27400,
211,37510,
212,24562,
213,42199,
214,28966,
215,36031,
216,45280,
217,43039,
218,49894,
219,31027,
220,25183,
221,18478,
222,14602,
223,26335,
224,17575,
225,41287,
226,13063,
227,12382,
228,33907,
229,40573,
230,43639,
231,26089,
232,27439,
233,27184,
234,45310,
235,8812,
236,16360,
237,17290,
238,25885,
239,46384,
240,39169,
241,50524,
242,24289,
243,10714,
244,20755,
245,40699,
246,25021,
247,23806,
248,25177,
249,29446,
250,18601,
251,34669,
252,31969,
253,15508,
254,23560,
255,3031,
256,39568,
257,23080,
258,24523,
259,21634,
260,16486,
261,19591,
262,29140,
263,28486,
264,11293,
265,46207,
266,21568,
267,25282,
268,17353,
269,26317,
270,16225,
271,49234,
272,20095,
273,12940,
274,30931,
275,19339,
276,14647,
277,6955,
278,16153,
279,34921,
280,38251,
281,7162,
282,29101,
283,28693,
284,8590,
285,39127,
286,44425,
287,15781,
288,25297,
289,22828,
290,43042,
291,18376,
292,32296,
293,24604,
294,36142,
295,9802,
296,36667,
297,8533,
298,20011,
299,23656,
300,3166,
301,9766,
302,49816,
303,1348,
304,44377,
305,6886,
306,27127,
307,27919,
308,25972,
309,32842,
310,47584,
311,26350,
312,32188,
313,29434,
314,33595,
315,14497,
316,26719,
317,40150,
318,14335,
319,12766,
320,37456,
321,22405,
322,31060,
323,38422,
324,12232,
325,36208,
326,33394,
327,18853,
328,7657,
329,22795,
330,10795,
331,25102,
332,27709,
333,24604,
334,16024,
335,24928,
336,17917,
337,25120,
338,18184,
339,16156,
340,15433,
341,42649,
342,31378,
343,27271,
344,35617,
345,22951,
346,19117,
347,3118,
348,26569,
349,30817,
350,20725,
351,19720,
352,19783,
353,25297,
354,22906,
355,15157,
356,31774,
357,36487,
358,17308,
359,25213,
360,33517,
361,13987,
362,28897,
363,22477,
364,36229,
365,24163,
366,37438,
367,27427,
368,19075,
369,24859,
370,20869,
371,26683,
372,42472,
373,17956,
374,18406,
375,41770,
376,35446,
377,26005,
378,28048,
379,24541,
380,15694,
381,49810,
382,40546,
383,30610,
384,19096,
385,11506,
386,16261,
387,9673,
388,33430,
389,25603,
390,35977,
391,27187,
392,42577,
393,28246,
394,42766,
395,43324,
396,25507,
397,36154,
398,31327,
399,23341,
400,26263,
401,31198,
402,13936,
403,13096,
404,28504,
405,33454,
406,21601,
407,27847,
408,37648,
409,27940,
410,41794,
411,32248,
412,21523,
413,24838,
414,32008,
415,35191,
416,21304,
417,21403,
418,27424,
419,29578,
420,22468,
421,17554,
422,35017,
423,12310,
424,27586,
425,8806,
426,26581,
427,26350,
428,12748,
429,19585,
430,27829,
431,43444,
432,25807,
433,16609,
434,30166,
435,23416,
436,30424,
437,14848,
438,11119,
439,20032,
440,24715,
441,27445,
442,34072,
443,16033,
444,20536,
445,13642,
446,28243,
447,8893,
448,4168,
449,41329,
450,8059,
451,39040,
452,31300,
453,10996,
454,26218,
455,28069,
456,37486,
457,35239,
458,35881,
459,33094,
460,28576,
461,9058,
462,12982,
463,34141,
464,24070,
465,27301,
466,29770,
467,34201,
468,23908,
469,7462,
470,22372,
471,26764,
472,50584,
473,26311,
474,19774,
475,37333,
476,11074,
477,15508,
478,28348,
479,45382,
480,17554,
481,35851,
482,19498,
483,24226,
484,18907,
485,32335,
486,6760,
487,14194,
488,19645,
489,20752,
490,22501,
491,36322,
492,36697,
493,25093,
494,20974,
495,21709,
496,11620,
497,28390,
498,6973,
499,30889,
500,35239,
501,26095,
502,40918,
503,37042,
504,32308,
505,32677,
506,7603,
507,11491,
508,18496,
509,39463,
510,39736,
511,30763,
512,14104,
513,13594,
514,25138,
515,29539,
516,26797,
517,10360,
518,16957,
519,37915,
520,30568,
521,37069,
522,28933,
523,39352,
524,16765,
525,30142,
526,7759,
527,28114,
528,7582,
529,36544,
530,14170,
531,23395,
532,37741,
533,8008,
534,13990,
535,24925,
536,42196,
537,24919,
538,34420,
539,11539,
540,49813,
541,29551,
542,34819,
543,26662,
544,20617,
545,25504,
546,27070,
547,46363,
548,37426,
549,42394,
550,16027,
551,30208,
552,28090,
553,33826,
554,46267,
555,26173,
556,39328,
557,19087,
558,32656,
559,21532,
560,34252,
561,31312,
562,12940,
563,23269,
564,31006,
565,27139,
566,8515,
567,35392,
568,32404,
569,25921,
570,20044,
571,28510,
572,2170,
573,26851,
574,20869,
575,18709,
576,25213,
577,12631,
578,28933,
579,26992,
580,23467,
581,38023,
582,19804,
583,31138,
584,30670,
585,28879,
586,30154,
587,36154,
588,28759,
589,45019,
590,29014,
591,17275,
592,29287,
593,14920,
594,13915,
595,15322,
596,22462,
597,9367,
598,23524,
599,23632,
600,25927,
601,40180,
602,22165,
603,14137,
604,13873,
605,7516,
606,26320,
607,4627,
608,41320,
609,30745,
610,17470,
611,28426,
612,21379,
613,2173,
614,33220,
615,9412,
616,25441,
617,22141,
618,26536,
619,27310,
620,19879,
621,17617,
622,17218,
623,11224,
624,30598,
625,31663,
626,10618,
627,23308,
628,14410,
629,37162,
630,9898,
631,26593,
632,15559,
633,22543,
634,38293,
635,30802,
636,22177,
637,26962,
638,34603,
639,29365,
640,42355,
641,32281,
642,5908,
643,32311,
644,10267,
645,26740,
646,27259,
647,29494,
648,47803,
649,29653,
650,30454,
651,25816,
652,14452,
653,6229,
654,33463,
655,21895,
656,35551,
657,28549,
658,22816,
659,34321,
660,24649,
661,7177,
662,11710,
663,10648,
664,36385,
665,4756,
666,34069,
667,32380,
668,48223,
669,30445,
670,28609,
671,30475,
672,4723,
673,36208,
674,28855,
675,26272,
676,13009,
677,18073,
678,38215,
679,34885,
680,37774,
681,31723,
682,14191,
683,22210,
684,20827,
685,22858,
686,24925,
687,21082,
688,18232,
689,42931,
690,17842,
691,19570,
692,26764,
693,12880,
694,25321,
695,30688,
696,20644,
697,12337,
698,24724,
699,4657,
700,21025,
701,4756,
702,23560,
703,36433,
704,30076,
705,34225,
706,16111,
707,15340,
708,21409,
709,21052,
710,30037,
711,17359,
712,32545,
713,3634,
714,23983,
715,4903,
716,30793,
717,16699,
718,23095,
719,21028,
720,29464,
721,11245,
722,37561,
723,20452,
724,21973,
725,47605,
726,17404,
727,32476,
728,30520,
729,38899,
730,31579,
731,27616,
732,13387,
733,27856,
734,31897,
735,18385,
736,48658,
737,23485,
738,35869,
739,18790,
740,51421,
741,28087,
742,20119,
743,40291,
744,44830,
745,29686,
746,38824,
747,22861,
748,31573,
749,11278,
750,20377,
751,19774,
752,31027,
753,17797,
754,36112,
755,15166,
756,35788,
757,19246,
758,40075,
759,20875,
760,36886,
761,11836,
762,25975,
763,9526,
764,25351,
765,37114,
766,32890,
767,32281,
768,22024,
769,33022,
770,36589,
771,34882,
772,20125,
773,27763,
774,18163,
775,20308,
776,25963,
777,11350,
778,31135,
779,12721,
780,14062,
781,36355,
782,20692,
783,30664,
784,13066,
785,36469,
786,30550,
787,26842,
788,33760,
789,24289,
790,10801,
791,18079,
792,34516,
793,24289,
794,18046,
795,46126,
796,10381,
797,34156,
798,24160,
799,42910,
800,28615,
801,27157,
802,27316,
803,33046,
804,36865,
805,42688,
806,30937,
807,18307,
808,25570,
809,24115,
810,41164,
811,23917,
812,18412,
813,20656,
814,19216,
815,25576,
816,5233,
817,43546,
818,19957,
819,14011,
820,22897,
821,36598,
822,11497,
823,37690,
824,20731,
825,32416,
826,42124,
827,27247,
828,17530,
829,33106,
830,20611,
831,28726,
832,32848,
833,31597,
834,27547,
835,40477,
836,14548,
837,49372,
838,25426,
839,23491,
840,32101,
841,10822,
842,17110,
843,15469,
844,17014,
845,29278,
846,45511,
847,23506,
848,30694,
849,24424,
850,37063,
851,33586,
852,32899,
853,43693,
854,34201,
855,34066,
856,42979,
857,14371,
858,7012,
859,22864,
860,20779,
861,44152,
862,19198,
863,19129,
864,39079,
865,22237,
866,30367,
867,33079,
868,23269,
869,33745,
870,15934,
871,37993,
872,25318,
873,9574,
874,15595,
875,31615,
876,31687,
877,30307,
878,26566,
879,44668,
880,42553,
881,24703,
882,15184,
883,26218,
884,37546,
885,39826,
886,24184,
887,31645,
888,33769,
889,31345,
890,4360,
891,44134,
892,6634,
893,47761,
894,5929,
895,47878,
896,26479,
897,13912,
898,30385,
899,19585,
900,29761,
901,30451,
902,27712,
903,21598,
904,42046,
905,28036,
906,13990,
907,18964,
908,31924,
909,14053,
910,19759,
911,41692,
912,38662,
913,33934,
914,44014,
915,24145,
916,35365,
917,37219,
918,14023,
919,25132,
920,44467,
921,33370,
922,41515,
923,48913,
924,32218,
925,35599,
926,36472,
927,15055,
928,29443,
929,23425,
930,31105,
931,13537,
932,38830,
933,21202,
934,48223,
935,35116,
936,16111,
937,38119,
938,40636,
939,23242,
940,14575,
941,29119,
942,38761,
943,7204,
944,16027,
945,25924,
946,25825,
947,21328,
948,41032,
949,27322,
950,21361,
951,17791,
952,25531,
953,20248,
954,8338,
955,15616,
956,32413,
957,18775,
958,22960,
959,30931,
960,43210,
961,26227,
962,27703,
963,31783,
964,13918,
965,34354,
966,30664,
967,44992,
968,5221,
969,36844,
970,26941,
971,35407,
972,9238,
973,39970,
974,26410,
975,373,
976,18676,
977,31546,
978,11512,
979,28696,
980,28510,
981,14659,
982,24835,
983,36712,
984,21604,
985,38065,
986,25381,
987,5890,
988,24799,
989,37246,
990,26995,
991,31654,
992,41962,
993,34015,
994,21106,
995,44692,
996,45346,
997,29299,
998,23083,
999,42280,
