1000
3
9401740218384373117,16903112205596689106,13174896837596723444,
11166097970336676366,14093501406104977616,16032739874772469570,
13795653172796870512,13140670697692218478,17678636527712343448,
18279300053249080225,16318077379883771325,14300555608217116615,
17898550625196427928,11291751920028858918,17490629854244981724,
16807900392407163697,16143223244825195990,17623280120439346991,
15710429170809286682,13937221651357441568,14737468930619035033,
16299694396949314083,16321738561772710376,18123051357679092651,
13047034669072775770,11706099415280698848,16925710485646648867,
11984422479056902124,15998468502242875254,10275599767061422636,
16605659061433748244,10555779537432934193,10425742346009351684,
10806027005242251084,9735875374361948483,12706555907474649975,
10949566078344105762,16039055122760471854,10037963143528353723,
11898011839916776651,9737156312568345140,13564434599843807858,
9341460670550793386,15770546540043137274,16297599965131388851,
10564200927513025906,17531465220914404854,12849180406661595217,
13651356286257397330,17993938277182613260,9771924558923863213,
15040011437669831005,12622342736821081424,12032886147664343199,
17120738040777762679,11868093259828792060,16804386691682353463,
14884158344495602882,10993869563072052989,13973891227045614346,
14961230910803532294,15930677944192144353,15017028488106136359,
14120225748533234220,11200824301942334580,10233653966612025851,
15622449805905460065,9681938212373432975,12633078599344662466,
15480400974175307706,14377659006068438292,12266019884093855058,
18279140730813779163,12681752159530233633,17744159660575448134,
13409791588375728279,16521635138517226169,10570132186742282016,
14698775603518836369,10939235312278650810,12893528015908716103,
10713465115639628893,10035693231544932362,13594633404022109594,
9508690369157025189,9901017382127813414,10295929114384337082,
10851959128614652717,14446666577929659731,10149310780347191008,
10038895069179039488,9716497812696212255,15257854596899032220,
11213681192972890448,14614527209700638827,13803983335267113224,
15169120921117116017,18358534351628345604,15134741619931995973,
13227915467842487132,15504004293390339141,13562429769984239488,
14317654174008054738,15007318555550303006,11264146715015916655,
17106780396861399980,10363201856266657831,16220819590886970559,
13460595376924239814,9809930454490940498,12265665906536521754,
13040978060732472860,13057516004395928985,17805309359303360642,
15815830627624093264,13481304194682621702,17018799359061256550,
15282711278375018593,13276118518962042425,14880371635253768453,
10352685682179944327,9803058196457089193,12895162779200501331,
17992209973432048509,18358658996361998397,18438089571219785923,
17051431394140996827,9351537703987878146,11003249312282483250,
17243488720803258278,9743639561007035055,15037078036542160414,
15546973655123743529,12184942313829556747,16221320680239799819,
15787111439026824200,16721092694871668870,16578997142304444198,
11092197574060154592,17609832359855756833,14040847435042011483,
10438688231258023170,14270625491801831108,17898740411953970688,
15941374827587491006,15171182582206334962,13802086247231269065,
17352564362571384623,15844232829214624476,10103938785179098636,
11276781070035144412,10881065950264685553,17478709123719436678,
12322528596946846365,10330611168998877826,13111391868371326487,
17054692287806520466,11418667529891281956,17381773993255890890,
12928576091216015039,14314212676260999440,11427634851105721793,
10529339507919860243,9787845169489743321,16526103708697799474,
14703468277379936926,10240561626052355504,14893517520732179720,
12852557780295992019,15465669034819823395,16262850736965478057,
12938286998733240120,10111844549532656229,16706433744476030132,
11343257066596437383,17476849528747311337,15225576238727738120,
10534782871987451470,15552567633546376010,15802045070835784497,
13989523977039442186,9796394262332169707,14528864391717623406,
17375971562074804221,11247236763451863574,13022410350531746029,
17232330566852701894,10554517662513487724,17834233062158662370,
12043612127429504798,14436012949319214573,16608908324282320333,
16577766384544824169,11372928607788785756,12341930176163686698,
12975212680028490180,9428537504675134254,11206561172338572653,
10261772342768078698,15118881091898733982,14300547606661732726,
13607876940259087518,12020729160800744459,10803984652254074454,
10603327302827894521,12381545554746119510,9954413517853826028,
10848895866495144375,9716946696517269785,11018700530478213385,
13984381173811895107,13387991902637444448,18354115882437332170,
17655370016855685533,9928429787451855173,11152400142893656318,
16578394317663167259,12181837770470335353,17567777219848565410,
16473965876611959606,18382331963039243898,17777559615190400566,
12361620444884511637,10416994573644805331,9401181743748943274,
10623214015531621530,12400184712007399436,13203223683691167674,
9476213668619853938,16133918468857267560,14569130950019864295,
13102510867747388971,17251935075478440124,12215768037509953072,
13538080470012794400,15420168245963435235,12262145196397655549,
14756603868632793203,11260346214580128368,16924534974267545576,
9698347108944530582,15680243105553834456,11394549059545467855,
10481772249739557200,17807279358989338066,16933616524879188913,
16467354500207508920,16584141431596491446,14399740752002734631,
16941194126677372886,12720979164175151594,11952073730391143787,
11284466987037422358,11877416972381630711,10174990642771358676,
11875527497205101395,17958942512634206514,17058016773006672614,
12451091112021114758,11742352676012268566,11113178395309280327,
12234386819366649275,14362909036369689557,12346800685989072287,
13751836462239737041,14899221981178377271,14014040706228691102,
12508498597542500160,14303780192087033360,15573768147527353760,
16971779056369018953,12047547516136031249,17322762672623245434,
17234219292554496911,11817652206310200682,15726358044924579106,
10160540767906871189,14482763149051182934,15759122159355454756,
9652118189285659282,14144375834257031194,13028845417838769208,
15187586440761079762,14139188927985213258,9596416901231659470,
18328033650869943180,12004115917475994815,14168131079944737278,
11546154512226396765,16042244062557317634,15309617423185370518,
16265669932318348564,14455598617997193403,9740948751318971394,
11226171532880160566,10131820260749482064,14198292341666994691,
11152574201419414506,10889853350300067516,9709254143764552892,
14538045287459069735,9573919969921578392,15255507020865559891,
14365235710863016491,10337311116565500829,10964442625519353429,
17419846173312629902,11895265770963244040,17262807084703102663,
11706789617078567442,18056077218124066484,9662969857465610040,
11940191622510137175,11644142412013350168,17700994164097996850,
18128804025026862681,11334467063800689927,9456817479608062439,
11070522773574632733,16899114352788851683,9498711746690690974,
18114105887196268887,15086401840141006308,10079253108495173805,
18263108678295379691,12005635010403401333,11694663841864444500,
10564525495166705413,9960111561593774007,10375650253506661239,
14830001977255921938,16218008912487576379,16927608458449218244,
14245972676041279047,10263315829057707859,13887217795008162779,
9331324458675236365,16302629745852266356,16823404937125516555,
10675173893541121502,9571961085654459539,17038212906251308365,
17525402719855912218,9867038697732401632,18218404658382422230,
18113939516692055051,12801205223776125350,16798385677616279920,
13617548802075831601,9570506484060843129,10656218919656262871,
15483450971236421674,17367022790896705174,17745931378025325723,
11250782283566408348,15174581950454323434,15037521779267246418,
9604169987490324430,14087298390346572620,9450929195989740337,
11556470082638094801,15676484622947524857,16900660480493702502,
10533756572651071372,11119557129604808676,13186078759989306386,
9935348811420120786,13428035716621618931,18035856752943146196,
17560455508908255258,15744664581436987249,10993047047846406343,
12416243631798863757,12960717177400392276,12745540432349548614,
9549842903222516862,15954101593484679033,17703992997160975275,
15316704797645521398,17634749576985190642,17966409331759920101,
10141777975233202020,16336603804549798958,11979710991017929940,
14305593042599666200,9951052840970121906,13485895053798076840,
11786976171415761764,14743621705800905203,10913160036438024326,
17033508371791599427,9309873068230316724,17446970213403995731,
15854741420506895578,13794036757677172640,9653263292177313128,
13074249960396394528,14451064701780975828,10727973971373302939,
11404556587254814686,16077286227966489999,9261883718339790165,
15488512229895790474,10303326539451899921,14553359869325530985,
11658391657432918644,15761769542459253148,11011582889265088681,
11292316841435426611,11004867707389852432,18325359600209849029,
13884183378001891998,9241964997267027517,12915023451415611858,
13901523210229830742,10588155520592889321,17464056521310302922,
9335846321018560058,13225852969231368396,14066471716076902228,
17889059440475944118,17432557670541331287,17962132476784751628,
10101959497589991245,17854407948968281159,12492924450459257455,
14368063457529235818,16223523508866517228,9357330480044701480,
17654858290974733446,9284930637396714004,12351733477378935479,
13472965420769252127,12319387116724338863,9602011629129009272,
15279217137007813139,16534003928226880501,9306914822767111074,
13688270188558754810,11069958547955489267,17012648716339002693,
9835184557288461747,10929188777523681258,18120459117876192927,
16154639641137430809,16559568032239504540,18434100523129359480,
18352139562682239558,15066675673943049055,18200431537190963555,
18146137064737450922,13038127314426381808,12845010127421958586,
13098474349345172186,12624185160446762945,13504873038060258410,
13238037096099514349,17717455760124039129,16948736380756388495,
10290635885781049698,11741290724012848241,16870339531262495549,
14506882246464675634,17170786861315615555,17032404195803462544,
12578729907011834020,14702735696973924025,10186049509574406565,
12628451370303823367,13607379377088206727,17649930112397796593,
18074623176377794210,9499107407068744261,9590470600968074044,
14700522852444279485,13542143634496385703,11381984966171181218,
10640262454563092153,12074762895506815690,16662050987226493941,
18038015253038936175,16562386759439107484,12981513460362548860,
16955338424160384851,9620962935097444071,16926733868688823898,
10694848047481591028,11387910740705738983,14798850236364701816,
16015865850750437809,16732080853351428548,13317886850668302648,
9276282192982017369,16819772789329114907,10454035721292681235,
15937028501244456091,17781269749160662304,16843945213265229787,
11992377446748343643,16272285023884049521,14226369711462315710,
17288140868045703039,17880481358638323344,12525806230274618893,
15510755213828297194,12249916070981063249,17490187515979697401,
13329888584594030721,10548326415011524516,15066651153878804860,
9326386637858988716,17795697378154980889,16370821232079060118,
15542990171185230771,9665728957400911751,12085505642889914480,
11996242097066694432,15217235617971204098,9767384984066098333,
13432961039034127299,9395012480123102819,17380381394052785111,
15522420188787977088,11302089770670583158,10544059941012932018,
14546308826135907591,12913485241513963097,16612001037107822132,
15375916492171524563,17764474168728286929,17392585108195941327,
15764046313532287584,15112019871974026890,15410725381961609663,
16023685629522252928,14391813014510506396,12919353370919372896,
10458411150447998461,11290851291927331311,11173109836828796032,
12863821573675546464,17453504834147542855,13084261216151941949,
10507110456915782926,14376796276906636358,12307485234736521145,
15219215822539409722,16779905361752081509,10715879759997353164,
18022938115073625038,17648406224120630598,16706771491288438199,
14378430803974295739,12980404641496596993,11200543639763638972,
9286553310308249464,12616101083385685004,11778842384208674941,
17124308179741186542,13786006305640121133,11439702592494644779,
16263238662077162342,13331404647410161382,10526978954591928444,
14309207995427220661,16160430130115210483,13244577270257505495,
15697464475677744657,13259694669403798537,12911967868727680494,
15383675788977201803,12517620825948583829,10434779162214078629,
9817034978822614418,15621080749657722405,12243518215416307551,
10754185872805746647,10320666695951147003,15870698753186854765,
14445197783561082375,16672179094467049167,13987410000896364426,
17502180163866563831,12707095604439582065,9481566125053921353,
15794041917717691978,17256102515733584937,13766563853207055814,
12156120840185874832,14181423862469439735,12211181939384384496,
11025027505920317237,14351971219398600416,13342787551436360071,
10223941777042054678,15443445605949936977,13315981118976942797,
18259974301976578546,16474420264455136577,9530630522350397355,
17812145676910239000,16906170309440288481,18117828244691286718,
14116187308125623271,16451959881312287924,16362639491374463943,
14110518461687608430,14355006048723346612,10876824494548493791,
17418343654728876287,10719270156023551125,12716136210967770540,
15381090704617817229,13581148247011933723,14567283247858720077,
11220447384226835048,10981179175690217130,12594607116763351736,
13887679675451115769,15502319575138452367,11500542096733169965,
17853213045735952928,11311970257045146584,11013230657768737793,
16658129398303890206,10182087197760022006,10277886773081574003,
10292235614887506738,15004506214992061279,12996864536708933447,
14743305635773265132,10937442927365269549,16464601078241191147,
15458366034977765847,17586195342195453242,14436544481519364990,
12254400219068978145,14106109334087020178,13778065573673480386,
16737690673822916989,17962128963487756111,10413838791125234535,
16852616777579354058,9621334573629408476,15388923265262322840,
13641104670306493516,15862038452468550806,15182476693878672048,
11313346505243772823,11456580434757545583,14391069209163531880,
16249408242032398026,14416644454364919579,16174331889845925524,
9673867260783774371,10717789567628627736,17368816047691858697,
16077767620522222548,10644545129241720407,15090745602378530770,
12093221049253043859,16249129720903285962,14762654571369954138,
10105717284408875232,9497152278765215789,11041382622847959716,
12052998593995072624,16094947086633723212,17912752103950285666,
13326831060573284553,12593034566316299256,13690853093213697245,
12933022065485222542,9935292212119611420,9692826907611335610,
9804831571770830499,16829605738819626583,12212272581877612507,
13988035597543355721,18050361000158878102,18064028380459591653,
10191116497742568405,16078814106283887087,17176834518909047298,
14419217158432618089,13049904553828030183,13139631861297239851,
16997642233009686974,15371403885518942900,15896909705427811148,
15575438546302242346,17344321809186874167,9678929513731969668,
17928594575870380052,9648195406357474237,11842463532754058048,
15718904742113837234,15040350268965716337,12770900032841591528,
9870271618166462563,13777392422962501279,11153842450095269763,
13596954151437374960,15329206437655967229,13852286611988212037,
14354003846395283444,16207023266573516493,10500544693242504782,
16902358629160880412,12306456893135207665,15586412239275542875,
15128706417792463235,11635495470843088772,13298232681288864361,
12429347514480230682,11287209907767607642,9727159329044970769,
10178826035658000842,16001343944707558611,13645098238867679350,
9269517885078610822,18101981787025946749,14867684378915344188,
17417793319088322680,14459497628188368996,11474172169950625140,
12332803858932738664,14741251271862036058,10722659635070649742,
9981997542152655682,16449807162265100711,14161617066534916856,
9458137276683122153,15327850234148149887,12365379288269484093,
15585968949671288683,12552846475226136758,17538165237200772917,
10473181194902444828,9435694608202197367,17196193652945498206,
10772588745811583680,9696795930338374257,11523810168816541351,
11052801707820243549,18424261442549049117,12682001111841295863,
12821258145922170821,11106497195348266829,13887887930640302016,
11755076766134359644,14125216651058011313,15938362714433665669,
15265655550755524556,11575843611313758757,17607900924832040063,
10705969294633751343,16994530255032982512,10336105316958502704,
15050392489409162903,16177605049986047398,9749294882540109894,
11125712999322716458,11556317189793995776,11229137693999067244,
11833032823557245074,17670884137241104141,9296006997670013386,
16156049619993700725,16691631663735160663,13058798821657861480,
16345519648232281281,11303879585035986694,10112647531170601573,
10377006972412570927,14945137998360392862,16264907518952756315,
15635899791290816394,15766391125743480509,17567374043248332241,
12736803859156042456,17121137381957192147,14192417724688088335,
15555870055413190625,16383045761862663632,9248546390387455423,
14178636308264456118,14908437344167250531,13806127013372763378,
12420047297637935793,14626065892800253813,14067551487965365546,
13072301734132319417,10194789729209416489,11554467426040481866,
13363374949994151828,13859535359738582209,10163148942100792477,
18111655993904011412,10753863544986267920,13567989386386547265,
16204923745199429644,10393633006199979834,18217512953110377429,
17138204349550083547,18054573288638026022,15165320025542789511,
12238624611461400498,12122620262683357490,17708967437011685258,
10705885804437772623,17335207352554516593,13103905893616512606,
10888519229453024544,11610152539184350497,10350136428725447801,
12582468589741427866,14830229108900240279,17258869904988204504,
14092565151110316406,17961351204143963251,13624460531013589563,
12764676173525334711,10579469376955236726,17254310221014869378,
18020297372015250154,13194544341160834232,14871204195697516969,
12019944308290697571,11243665509940072695,10474659706672561937,
18094215502281133327,10780657620776420896,14708468154274004970,
15675893609512530940,13313919573852294895,16436062236026406940,
12427160283088293211,9952006348915925149,15129449329782743475,
14121595676662744497,15115628599222116480,14888952100807566633,
9802105779437247350,15038708350230415120,17848445078656025827,
12744438708797335085,18262285918255640251,12883258618723625659,
17862197100208457652,10189852174682183814,14480320093373616542,
17550496411439653474,10330508531763767819,9804598482983559966,
12741145478196500862,12985358705942722937,14097014870605661989,
11363136737673736192,12049689171304169738,11763772455374189087,
12304771489833348028,13099824228488889226,16369325046449358185,
11460203769246568023,17189871036912260636,12500199389022686784,
13393206198022886318,10870452913548998215,16224207953238203275,
13173069555937506085,11529923550404218966,17413305191697626198,
16427523481210717305,17268693435578578499,12529771232896536286,
14375250187856641778,16196405565505093124,10629199546180002960,
10469420805323194287,11226835281870938512,9959503995290046762,
9471921858510038833,15139003648622041888,14347064567281987853,
15396350387997473925,18205057024615740962,15895575412781404050,
14795290076796850415,10549819379403148812,11261649276249638803,
18225475376894221933,16010985612786058440,13863652297423142290,
11320495680230181374,9894513311606191311,11634597900770242894,
18351128892793009492,16776532888694546659,15841152309848990405,
17677129810781621042,10651041932650239549,17792489875436840963,
9399951383275344386,17247969694897921641,13678994803167041613,
16339332508882604009,15454983911090951646,17496481501648905236,
13687524613678329016,10707875369923838561,12840447269455371343,
17557034768819370623,9602083374690966999,17693634734607293305,
13888811025803672235,13319960509795605278,15256302430446531785,
15931656618597290666,13708188117206942201,11242113579711697668,
15892838505028963953,17582223970112110287,11332224051302704897,
10922982733801482593,13990768214606678385,10742820247500593274,
13564813883447476354,18038971537691954242,17960702092459008111,
15045821662099564697,13145533893159676628,11859171113257146802,
15564294269445322247,18142227149581638588,11540615511747782591,
18224341848984725547,11832366939959368578,14391070197009875570,
11541156677597277550,17742710979617426383,17455318805651025250,
13969796442889057612,10271243897263711613,15810476309314424398,
10301304647767990500,10254616403181707847,15094377649242815397,
15795125902985560067,9551455654720774673,17580847848615523911,
14660882567249034372,9261142502868230907,11298661823598372919,
14560298920804668995,13491678722341102108,13140944404144149357,
12204401572535416769,14701250871577174567,16427022628082013045,
12285498330641187608,10306678583417557868,13175355136022934515,
17815937286728933594,16481767466126099576,15465300971862132573,
12351253588067639231,13616835980744176642,10196914036936761910,
13370590609186991608,14187894775713786766,15744994947319205034,
9383451123802407931,13538296082509748838,9226697675258151506,
12761915456528509727,11875697507708351065,16038690495790062614,
11907889238197770684,14120083483627290929,10668686886991340265,
14876681103590953916,18252203378648934173,11826509232332874861,
18370168190100761902,17424650591922638093,14426357876595327621,
9625831714044236039,11099194186916240843,12784788622003546320,
18046324284187392856,12968300667621781216,14542741738758697000,
13677898942268128545,10288812890515967214,10979075144582821557,
14429627738187658338,10354427543047839053,12882018585945826646,
12800514987618383641,15185615326526720076,10206903207884052119,
9654268778020731066,14106490009265537444,9985198181486197935,
16825882874516483475,16269180774731247094,16274792948854022662,
9749443231291027639,18081342294605970126,18278960384431294000,
11112191163148300707,10123599586013992471,17749745068357294426,
17086784563644051798,10523649654714596797,13673891627610311955,
15609318510488045847,14992205230196440633,10451395716971572048,
13066808148815611375,12995289370616561614,12315487981978624795,
14398898192086280983,10946097977465517295,14810780108763918502,
15577163998183362366,14834947198329778973,11400920739329598504,
15656188548866456271,15686086609667898602,14558579063140334526,
12917490707181115005,11848437222131268976,13387170995883352742,
16294525166684581272,16666612906739063388,12039987300433496486,
12822810348882027552,18085222741875851286,15342202804000283470,
18291461105315140890,14241366715761716821,16647320514608089148,
12036288548171108944,12724123071063677480,15621548220022476966,
17616070137068008796,17549958415288427308,13222788390699224118,
9253893576876028855,13182351388100356861,17582920605796164873,
14774481200941303595,17767684415941267681,9373055718226203015,
13274342884486662359,18427221895634083752,11692909514805199958,
13409607561191867601,16525245442024480550,12578959336472647350,
11779360159574744744,12908311087049947188,18120468326322109759,
10121473757862274374,11472836734838446751,13692853482059703113,
14927517332154394528,16197506932573626632,15223260881517522850,
11779771294780520934,17102824027157530123,11515412132712518096,
13119274609462608713,15876664247734396690,14912332729391841693,
10786287932617064380,15357027729761598283,10364263651499149376,
12088365223978306322,10252020899190889959,15137117267981565510,
16876404982975066630,11639213464634258815,16953430832740907555,
11194470203675621437,11908850236595849597,10247162204866771272,
17529074484585681335,14695896428712967385,13967640485423855971,
15970298811764260337,13004552145934947769,12528559540571349323,
15144773532413596514,11154101572928688381,13995193783406412577,
17594739126437527684,16306608378606243591,14674090352038337513,
14404521277616178705,9320546108021423963,16067628187408587813,
15730930139254488390,16458942486077713963,10834175996044989279,
13765578197305242514,12672245222955560144,11441999008824965819,
18273346256090751609,15378155368599817424,16719147741385479675,
9403774234808405530,15033042432971558080,13065382568429578210,
15145791299764048422,12215185240379549128,13495393125525561367,
13309211236184170662,10509464584947495598,10426172533764608620,
9476603221530512782,11313642068869804036,10575092255576183361,
13377551421203078599,13983742335728914622,12814794353761465897,
11762908777020900644,17499940419851482322,17712631722026647003,
10975683696285519576,15319801880617357046,11850578220166838187,
13039047589932680213,15969795046636334416,9958562234125765143,
12487254435785566531,11452003596617702730,11161935061289760482,
15882240279565946132,12106125629639595695,16900067087637515669,
9590883127748700377,16642668280169803132,13653864881244890727,
13938615934194316308,18198451592469288609,14542862591021387214,
18265715443734515530,10967513796852095910,10014340320790510493,
17545995298164531588,17641315924776305388,10152269996476803361,
11019290899665592078,9749179068293772589,15944658278509522952,
9393811499488268737,15037556972366986675,16703877481607477592,
15485310460981427994,15146269368002085036,15347999729011750659,
18294757015986056312,11028916006285392126,17256861849595574781,
14952837418792689604,13155067935379023493,10182939451455596396,
9330376332344513833,12969801446736973665,13202562745767476607,
15998509175742330399,16389346192155509626,10375404666315651699,
18385211760617808362,15422269498216115715,12458787581799332342,
12141615654516108185,11801036781133526388,11516304776438597807,
18193681615336802078,10181144382177151682,13514349246171175020,
9879526636743558565,18074154499122507289,12574938185523551438,
13531220386111374716,14002921366049473066,17617113745190323845,
9936088534384697069,11152186168933129219,11692216781114194382,
16363134816858627609,17197049503690251756,11747161602208083996,
14853963474522738938,11656635176439137840,14945940209048682879,
10264534079823620171,15431723615076289462,12749905265779082939,
9490992698181043788,15911785586880524124,15944336090277036407,
12717488312765769657,12977402443313565467,16365048822836852853,
15308676636982480401,11209077317908119898,11105220580043378616,
16722656728365245801,17900164708139757075,10859051322046966178,
17434322496689224660,14884982730186816855,16768915871827249036,
14029932063657845269,11746748686731406078,14305821159942844291,
16109546409765059587,11487037315940628172,16783341615323545979,
17939244878015645494,14162122974859910590,16723313553841649186,
9992284207321340624,13784530070211578201,18377743914990892339,
15167406262531046823,16758542581124191607,9610706029873608189,
15380726550095660393,17612633372393435521,13551925924649402230,
18378850328665747352,12162921513719681407,10413075301866116137,
12406478852296034393,18283940098522483105,18086488602540545210,
17957972168350719155,9620990238311386845,9416319352942924202,
9989698083575804251,16396249088458468453,13348378100314177654,
13939745892972022377,10313804024321813556,12740224702324545589,
16785328900173053925,14834875317475831136,16783474384019638371,
11035810546696769647,11259776461316444900,14371284974780502444,
16617522144682663401,11272569926169268259,14892015519694002325,
17879893089698170902,9424644717915925241,14991266368146428035,
11662615063478408503,16734993241269365916,11965513285407597679,
15654564684096841324,11400630256669761072,17001589501642242461,
16916033160610125643,17718543628057535643,17638838249379369002,
9860327355572953413,11420970942750707041,11603055827428758790,
12065486938882217871,10089724406440478711,15795432272791595075,
12334689423526233782,17740113074730495075,12613143183668691077,
11378465677672053111,17105563589210146959,10632903950641470828,
13053199459472664913,11957776369764081600,11245557572844516087,
10408022534390319834,9704203850199600465,13305297464132633444,
9521224011094020868,16154131559550481866,11710620251122822260,
9732247281030539789,12270143161174952952,11695430704833567400,
15382859316794188098,9441386297513173696,16060310704880134622,
17355512145453314149,14518718531160287990,11760858068141143392,
10691900309696985522,15622272569091465443,9328078786433373245,
14651360819421673354,15190729095661731407,14035989389260492800,
9686809297726688666,12669687218470945984,15694546442003194884,
16888810600025920630,9790619370589150358,14280947221220732661,
13768899534282046522,15950334980473462981,13977205056390207247,
10851637490140131140,10108539529200458510,10772540012774450552,
17952067572382774211,15740297574745495963,10333910833485898163,
14364585314977814328,10057528462571653924,17358292273630783519,
9655567293449560341,17294460709519211351,14864223122093915356,
15768051259506362204,11122551856662985018,18390936955099770443,
13238200241070666235,12763422323783676150,15337054610567686622,
16528127932558076853,14597329202142764467,17155277175501290901,
11387942141334516038,11780678041086894400,17054467816904844625,
18391780758414114711,18296314647805819278,11217064987608521190,
13481958720195047036,13049855917428047178,17438526278952347362,
12442901507200625974,11091262891029675239,11632450129544742581,
11013746775270943693,14346824335936154831,17295030694712035822,
17797670927645327059,16447053778953640996,12382239375068102171,
13115225302745217187,13835764984969363828,17491853258991817568,
13630244583957700351,12900182440938831945,16693020715281396368,
12721300948679132301,11422887134875841800,14564722067233369602,
13938402432682039016,11341348596852720619,9949089150615791870,
14898488065032309066,14805753489151341858,17505051206120041754,
13887907343968448020,11398600563147220573,12664467066874686878,
11036327205366972514,13166126578842898004,13070509121584780497,
10643091740981121631,10785800065372804444,11876540494975714517,
15620693228274545141,9845341934845678040,12409829536899214826,
10995735645617657169,10927690276897547325,16832232716453950490,
14280152421527503750,17822052074923895741,13386010040205374518,
17377720745890593997,16834297493554128681,10138517141697455678,
9485165306699850301,17634123885848548896,14046691153905280857,
10379148129362552351,16226353364369931500,11416341340731158808,
10016156512800774826,12495181052286944623,18357982319469069816,
11337459666989235219,14849211338754216683,11057794010509836928,
12921741199543859216,18437124844775505843,11632953722873303890,
16965296258903658727,18059373077255171708,10338599738498456603,
14186330737925225706,13210605423476786080,16136787601990302684,
16675756133322426366,18208286131103918083,13247993719657271375,
16454141020269284937,12896306954375590146,9725216939664291813,
13823329743265667762,17347047700305090357,11703815804445472419,
18350527279337249911,16553914207508380394,16223193185934138862,
14943777856352153725,18281482132807595459,11069564345724547679,
16549160171209400453,14335825186592075115,14974157537343484712,
16693855825547916119,15255836504128554194,17083965729069845541,
12504987763719570874,14911029772949450571,12093437683956214088,
13416079947615762054,11919075990299986298,12480312425062381338,
9587693741273507138,14323138993262208202,17107882691646499079,
12891716221962173985,10879539759876040668,15968013523737749282,
13861848801385887030,14905856971405427030,17608567899355879492,
17128080165777515321,13397076311561016597,12730602593603650069,
16961947197804469188,14076410502565680597,11616321246609740650,
11722914647412829436,14397557448373750792,14403262239533723479,
15370134329020419162,11120376069256180361,11675441775803173087,
17534428972547229110,12053976027149813141,14653098557104828200,
17584461300346126482,16248850888387819164,9553810162858588427,
9650676635853747807,13405244351266323900,18443162894489499275,
17070627780492316960,9949861524049519178,10774350859677006927,
13591918559603006408,13813524419112906299,16059694759062422936,
12982994864804452295,13081066941984841171,14823840283539570301,
10495123010254665301,15429108837344318084,10855225799033793710,
15461866717605759470,17390942991891372385,15621068191124205171,
17320973659272385770,17794747087152269990,10316681064520582566,
13212341879107177934,13625690275156961747,18116879096154347939,
18254678412630647295,16363915131717961263,16430473274145207011,
10942477685972722013,13199524373080846095,11103485810194238680,
12503102959338261465,14514897500700487252,11873061012389253009,
13486634196939799665,15327530025903334965,15425166314669195270,
12974117476262144853,11814041458272082911,16669655887943636245,
15185141274098819420,16185229965329110184,17836528230796109893,
13974968194309459112,11888011441881041832,14769660890890113185,
15078082118777117473,10006544404950371791,15731663320958275429,
18102841157510180196,16093968491685774858,13389471591233206001,
11540012133053556471,9926149155188112351,13946696246701818721,
11534137666399093756,13625094477109677143,9613195529361780050,
18085637684585026166,15316841292240315381,10910055342754358804,
12388957267078308628,13099732526283306727,12096001710008541205,
11482457080468360214,13126331352096137293,15931097950687576347,
12017707463389885691,14293911289284595641,12867142240634831208,
10551956853404253190,13839465742989328061,13204401595966384542,
15317195630576313145,10901381678193009253,17926991810210161164,
13265811819840016981,13005500111203758006,15875813658345169716,
11241538453422901339,16927781118957659993,11620429864910094157,
13752052386123047418,14260605935989496221,15644108639787569410,
14766157214658199755,12003937256874761155,16852951567295197800,
18332408427187675894,12219227481848090681,12034533168840758389,
15060602053170714653,10133135818675232570,16850784979744342244,
17025009090027316224,16613012879527713182,12507740210724495975,
9987222297971873057,11682557570173134304,14977264144442559716,
13030996036638730799,15495095663133666873,14085928704883655432,
18171178108406058338,9902572275895219695,12424942613143999418,
12118778203981388230,17738060892671190570,10749187552843423422,
10384383450842663366,16835949960770386262,14808302493496759642,
13655455797043968474,15840099639310217258,17904355012742765071,
14498904566897297817,11622827606357889968,9928185385676457645,
13403136802566947962,10550562701564402770,11094875597580543122,
16643292880380481875,13786483212084950617,17830760073588164598,
14327543396380283421,11306243832050246435,14490994969270419363,
12630634974581694838,14777547362175080744,11318741924403822069,
14483992315519201177,11484210200637071984,13996688190912695868,
13550308684892757565,12018918586629686550,13798294564397844134,
12653582271482349911,10781762209083031309,16105165556044820720,
9786385315130568265,11336554305815226484,18173412140092282673,
15420418199005793742,13227431657210704864,13606911848741157554,
10245107385687228090,10675378235999790367,11170800230602294679,
15331152552935346565,11499169125607415840,18019671101055754458,
14234916798547166236,13927435336804319837,15167971995689609656,
13257414795204742416,17095771545148232130,15938794931568902868,
18389850105077506236,16370131685266259297,10165124931142109202,
14651454048494113741,17872583374648460125,13283488243529640259,
10760493372642425776,16162506149336286903,15428807065318756222,
9529451862747946951,10754720789453370988,13768587203038076320,
13630466467131445845,16346709973011555382,10462312832119284525,
11154601764629840827,12988067533089098265,10591269439902407630,
12478230923294107535,17760795738183191085,11211145709237428193,
17478764520424397787,11739709819821714932,9273296088104419572,
13084811654872115636,11991134435399078051,11819201327618971360,
18055943800885373876,18057613804521724180,14138493555026484244,
9305419951402544953,14932880309152014524,12805443879162680965,
14961043786936132938,17421600788135809082,10691749933713570843,
16167957128410693015,13967002581499910143,10856247657356612176,
15825149766018862738,15265981187860246352,10948852047974433253,
13108128457845119478,12228780503602189022,12806975850599929094,
14182183284378612711,13291110693551828425,13051639695193285899,
12716137065669607519,9596083838099424402,17884094844728797646,
15435005700193377847,14885718761612564860,14576445469009286416,
16379311520146631845,18437331485050669771,16669497252705791940,
12947342839570042321,13809777910922276976,9827712597066775214,
17261234160592433309,12617558663550768350,10373425151092386411,
16756341547800829181,10466504423070040602,9534177382499983080,
13520001161781857173,11716502521763400213,15376224824785294363,
17709137256388134172,9729704098536064471,15940759294088252772,
9710076287474065895,16824804824916645778,12769489403295221355,
17875894072949641331,18230074649883534677,11431661512519421854,
12910649909905817768,17221497255434806922,16876643084008784412,
9458181515019383787,13844896874942194405,13254132456683591716,
18413704878431831625,15659538187641016774,17433316710196918644,
9661444693578165320,12122628667967247018,12354351680360737838,
15346419245729059582,13076323722603315840,14893215684281856836,
16953995934536807955,17358880705780331437,10952887621480147039,
12713422852613166504,13577881336073682699,9876646517041186179,
16213879180045372859,14470892090016788808,12591934706787185414,
15488531690468760812,10282279511022825634,15879198801605808829,
11068392197317997745,16624260968297902814,15398051130835049282,
11952488932946865803,9902506171794889595,17054177832463162374,
12111060312969947942,13985464463292338598,12055572822782127431,
9468012587601841985,11157344651000153138,10355406273287778021,
12559572175517440975,12629532787171198510,18265765201125348499,
14273493684333348825,11714795703670803471,14297015639369532558,
14198290361679324018,11219431143743223105,16338776529632937424,
10109230501947982411,18145302145597715860,10378788512491091706,
13486564545182601568,13959608789988898395,16078278798792709140,
11598788618987886077,12600855298574585412,13208070629086263749,
13819756477553816736,17647265532177650474,18015776733742395003,
15002129010010762635,10006571613674664786,18423853893654999039,
9861254543856173558,12478234737239990541,15967365198034885079,
11672092585854461169,15928025875260690252,11806962918594231110,
18037839848035653208,16532246929687524169,10478403244881675885,
9253482415900348828,10931878741099876045,17252916067027518313,
11101637418688154693,16977967207187444661,16302441964852298726,
15771956690698771196,9618309654980472178,12852841803299739290,
16950674168061592710,12662431734038019487,9662715119810960654,
11958873454733464209,14519064659634164572,16361556000029767427,
17165480715547646413,15886685439935675842,18235928257947692719,
15867142347435108622,15272638978010414479,17625066960528251243,
12694702365532912338,12177838180341436108,12588639474723758503,
9960358304135506753,16964744561753144677,15366493711515365159,
17132223719478562765,9292306518824016221,11625390086215939563,
17147704465690001134,16221649974523494174,10392260528997396072,
13039268075089107561,12500812122192290149,12385899393016349181,
14323675327254586826,15090679373723662541,18161335168782522340,
13014924994254643337,13896265331493211003,11486918490910433861,
17780253796440985014,11253693318564353491,9815545456860756499,
15770057506710684915,14862133764799716871,16684830376018625987,
9282154503554460234,12825959512831094971,12552102571094527019,
11321626171585917233,14098807846079366705,17880425326275714800,
9300428168406027606,10515885715031104629,17146638742694538177,
17464884600687846524,13073903657975652941,15448498751384334214,
9225507850844516794,12676265046754569026,13419113093306738413,
11106173205369940888,18010287159940839275,13026488347742945602,
12650243020126850990,10786138248126090246,13296023027932408024,
12183809206828502681,11034617309918273484,10416967684896820006,
12595168168389243239,11513586697896464398,18192533252552213071,
12404105205709056590,14493875512028734313,11956556693063447024,
17803987867857064279,14172863922644670091,12982496197822656746,
9533618714590269710,12114805167591697718,14295595045460043425,
12350528558243679784,15807583667585892454,16928870056342198420,
18222178156253155313,18125620926408396790,14284451670549784908,
17131667327910422870,17936773546310229397,13181003800330649791,
12261653508765028087,18147447125083548967,12293017250071571197,
12932778677326073650,10088598519307701568,11669618389394647315,
10673899245338952522,15196818247096582903,9565419863520346522,
13521739567335031499,15829223472540943255,10538534315114815383,
10419088406312439717,16079106921120093435,14596544987437865229,
12219323981550917022,15641093000451796466,9661255342761499852,
16888873959631408493,13899176787399597895,14343169332381839592,
10193028094234712878,12165071574171709192,17946213395233213041,
12117564490866172386,15307228488602486773,11295393362170860007,
16099739840066908301,18076826292768446385,15983519807924663980,
13861740353037286036,11869978394923877316,18384889280326401908,
14046543039230989369,13437451569468419248,10301215136004299656,
17608674247457254651,10578890934938712802,13770003117562376830,
16136373082337054344,14843654591401289321,10217714032912667199,
10753817644491159289,15926019284457639446,12466716854748385971,
10142488226016863260,17636634948304401692,12487143260122060011,
9698510228145778586,12670249962320573962,12071178589538336271,
16044221365863769677,15054056106554088393,16144047630516410044,
11704798801752127956,10768013198314456346,10722739427285315276,
17380533477292389098,14824313309466271390,13688550127032619130,
16074618005599823284,17916568336912843425,10245772584235149328,
13695995056771861760,11293397175966807930,14302597598279144141,
15144649310735868441,16066040956705870619,18258553418155670138,
10177248159430659323,15175552754301109557,13938717158379654851,
9620433533209407270,12505931857060220761,13503201032961316069,
15595005188200645568,13128990436884115271,17307631295451197959,
13268421632570366468,14368146947725214504,15882846409197498625,
11905775573441032524,12593359520518547871,13852383148198411521,
15082790832256358865,12016209828203056965,18268847232325386137,
16181044554860477986,13019684811602226473,16243536861324020916,
9714335279610349702,17079643635027120609,17182120832587928876,
13688481600561255862,17383778866065300429,18261896053958641860,
16826116951150097433,14511702307406787515,11037668488100014906,
10921450874033821169,15893823851691922321,10829037146350300103,
17204567499699054056,15207047316528446412,16845345124678762519,
15140308722491596063,16227184121670070524,9831852542981176003,
13701582599160806880,13295077727701226105,17510264507216655979,
12675317940482579680,12908577403981738235,11328648266582685923,
10142379876452896813,14834745269652176569,18326662704829200597,
12279095009709169433,17303279789357335474,18372418882030322216,
18379788849264514335,13189610952768180556,14030734388163222548,
10584597220753153537,12315029408673431224,16130753739885809397,
17657722136982339309,11252218429613334967,10323655719270433841,
12397753991524176818,10574115576191144408,11097558929701283373,
18245584060818877009,17283697290377624320,16707723075081363379,
10743764555590448703,14450651455590521920,10360662560732795526,
17150055645215136349,10104247081285513305,14688216297054276850,
11889676884244274734,13680907520650037104,17424738621916813070,
16055242488346520024,16889080213358003065,11202836600779257553,
13559098112160635923,14264533033229220626,10525606778038232430,
15808950763173394362,14540399896529002341,12376946885202080479,
18098952648555137541,10762633949769553861,10456081954799002525,
14532786354303845417,16391358744396495034,15014016265430208427,
16276438655765302743,16754945523347910140,13712719183701198253,
11568285315469117379,12127486634291551086,13793440633211096125,
15469546978113973475,16217339090389276743,17151276451496588857,
16276001836554591249,16286923027642217215,13605107571016795122,
12158312793912842565,12671834723407432310,11560266992467172400,
14010749378305814605,16733584091345028075,15400986423903207925,
15872974667410569102,13599929690654079007,15190968577532846309,
18138505470694108666,18405390495733182115,10988707932781680782,
16136679909558904457,14180006775414479188,14891883590667310474,
14595429163452842050,11552232780171530297,17873495934215824586,
12467807956804913884,17182150876001729419,13802452267924027181,
13874362961274992162,15113908395811569983,14992660172092566301,
12961374660009364438,13369820054679023247,13606518174793260677,
15664373674018525590,14548644348296486874,10607404999390206079,
13622547079088313707,12928064650951497536,10733014356409930384,
17069732057262635376,14849382846059417018,16287041350159270137,
17332620142178001347,13141747020708446719,13078447128383999172,
12662755376122633476,17949801813648979794,14064581789927041417,
16104330761459624338,14964037358643584793,9864401822307219593,
16148339389086416725,9834577772671841242,16503487787000627608,
16302186078289410821,10164338768661911639,11551713024817789274,
18367481361862961944,9277134646394345117,9676984036257720655,
14476222145961258539,16235956819974867223,18167799575125953112,
11330364329628557268,14808020051047162787,15468972023624540190,
16070203204325234507,10316785110510477908,10898286998264788198,
16266238367021912931,13484589312058486693,17915715033093663467,
11838721542886704911,16312262334334372925,16388168249815403512,
13835539820427763960,9480954302420948871,14351315897166632197,
17670678121886120134,14155950556568254102,10835125649242551756,
15733562908674868268,9239035274793250541,15314130339076808077,
10112462421650747131,16948107081833101173,16261188421350672084,
12663805091712343807,14487799148909040667,12627053610677325977,
12507131905683503826,10831277830966900911,14271620811417876838,
15276290534839978417,14288536026484941271,13219072318913448855,
9494696016011533811,15281601390058024538,18173168245125009715,
16283805096817545838,14921259411466699971,13497964599080323086,
14136408838462600772,17944609076936250350,15273552287052497113,
18067729533618094271,10805164767856136720,10947285218446205176,
10156405301660889379,15688212738468502987,13527304015594454640,
12254234537909704666,12245613055257723069,14815795655907478298,
17795446233254541254,11384446026422106765,10358785467995434479,
10261059272327345854,9942019402770400438,10720471856068229984,
18084735125888153170,17664984811218653726,9852385543417818753,
15449301075889712812,11538845658321005777,14727655942067150340,
13440320421280005006,15709383093071111100,11980553727028732791,
14634271221557543814,10658903905345883141,17548055490369186933,
14401297750312351094,10746831577968546356,12051649352656486048,
11957284497447138082,10303745036260428621,13728226696253566409,
13172469261041865116,14831564176791286860,16002234926274789641,
17489294694011786330,15221225102002508617,10057217417675413533,
18000755965295952954,16635510261811126102,16725744635103535688,
16763831510448391099,18103256785269327822,16493307317461389779,
17464778750804628190,15390918122168804580,11459378786552563250,
12721652662779844041,17228732755306701681,13267023241581205298,
16075128887516408096,11352864847250365410,10010965476901750374,
16271222968805011243,9312947959019291447,14837932360458357027,
17988187460972991945,13221106885095446713,16573541073673875648,
14702339439593080680,11958118669259639108,14000020175155092150,
16027195703132996755,11181833903028594886,14729576957459432312,
12547087874357820392,16578484387774791677,16599419308528808577,
13528861207178355698,11603817416157403781,13260785088557852816,
10660456368152287231,15522972083507761630,14462946934216521834,
11848323001324033489,12317832802779787184,14460637688768685133,
9949411869278824296,9984331483759085098,10399904535544796191,
10273565688360113174,17873427214470176976,17824265567996140002,
13981813724657238096,15319974654942868771,15268793423191385362,
13695644871685491013,13119454530641667780,18177739744599612194,
10018067243853630501,13754870164131164195,17387127489076111594,
14091984926675389776,18275393990694008572,14722760611528633514,
16914634572051697153,16094268966626137262,16928096632784849783,
15088017503638485652,13390374895109829828,15007384217267269359,
17666319632148105827,12015853355259960064,14825390689048588506,
14571133939478736294,18426696324871867410,10331564788614266958,
15100511919485669249,16557172519888458258,17790317798896301773,
15887513381873727112,13987830870683601537,17942010171318022753,
12980360836953731165,15315078169053627354,16020976080818547688,
15002673130809319516,12398231471349392364,13516218627264570726,
9983469882030618440,15924095305526326194,14319559471906019216,
17741931418527794529,18398180654096318392,12815877621766989057,
10093233728429004781,12409167540261951442,16800985270431963980,
12437867036357108027,12631862380106231203,11143723042345024285,
11336989170808172044,10804394402327469316,17630814536172374962,
13712423465455739169,10431434065385215998,11763053479330314181,
12008848955597695005,15241571251303234569,16797254859841752447,
17910253784712266837,13765211813686335765,14230833200676695945,
9790920416762398428,13157395876892660690,15585789777966946938,
12856810937696364184,17935462944796133896,17857471913317697400,
12650975325653881561,16204793448266697020,15356924117565097020,
16526359062682659359,10507377995770542462,10875246624763637357,
16949192140846995697,16714125614326274124,16366523512071119271,
14374776204148486529,13916167527614629737,13292366980696955833,
18286928159765331066,12715393099260738000,12247004711711809258,
12663798120953144810,10006806871428906320,18261020259455198218,
14375459858243097714,10770679243124181973,14153821137809825421,
18011815553656329959,9730749360227260008,17969556318152047864,
17810202838703729870,13387065227604832907,15309534332422913880,
15846447464752640590,14599310714533637842,16042240914333969270,
14646806379623928017,11680883155588109860,18072659580513114925,
9954208829648929551,17301080804741391203,16862652420254637722,
17155226597768494439,16646031553371389012,10798074936665078382,
14186867574430743870,14789790512862270405,12422437692515414140,
13527734448163806463,10224991264997607583,12244283480651344135,
9873867810503455125,14848810915238792816,16596185645062498171,
14914906784232049588,16256550446259607923,17596957086293238720,
15190382035176303818,13643915864103979880,13017079416263018384,
9512423103333635864,17593183158924095757,15243382860565459897,
10216530330998879973,13730911634698362091,11734646091546486848,
17320992844966373688,13914471109826045646,17604429804579627096,
17719713869491144963,16145203464425854577,11041944258591688967,
10606322852375534302,10717346529280933684,12596086893406279753,
13338912185132673006,11270451292115923195,11620036968354319923,
10092512652137903508,14736099161403937617,13923307068951695044,
13190030209788895260,15808330745710753933,17643524470026863067,
12851846427848900697,15962244206884096733,16926012835347563655,
13226689711591846545,14623086202481422500,13601627615982082284,
15083139477590919241,17365327695963224773,17572103432781045559,
14736588731609402582,10214193262644023849,12775573108690229957,
13525377094599031746,16159756987994199789,16431620299042255559,
15371373734730539693,12251161938494757055,17079133341523358180,
11530715904103992359,13883592693133173261,14849744481573405865,
14302703577011886594,11461840774520055818,16915584805072112553,
18137623259484414819,12401793091211839297,15701870704164063065,
17187839451449230794,9300994034709098172,12684537063730025316,
18304034512362446538,18436217443484048764,10525791258342924942,
10266778767365404566,14115482378827266403,14924291391069500788,
13408217122365765803,10540013900630959566,12415166067532228680,
15221109403720741654,15914639726224056915,15371496124597537981,
14258250695556899918,9741522752321934078,10875597125531330878,
17514731286388859783,13046162817364738936,17408298522286207303,
14484306970349571082,16925051134719593118,15539895242147931277,
16391314703629503353,16964947422442297533,13455499369695977231,
16028081386837328960,10567964581280194848,15451808144010348716,
16316904000964266374,14372655398980684791,15933027184531947814,
9799560595480180951,15973586793894520602,11463773865260150901,
10949367456804262188,16361756184943824799,16721672309418852531,
10986451451213550236,10908775587816092408,9781687315489179674,
9475745732249315999,15746368996485970279,15197491064946301950,
10234938645749575824,9956130169312519486,17623091604997098115,
15050124424418841686,18026806587927827795,17226370191926209990,
14239167198567743495,12271983982771564000,12580857457452176685,
14527485817785114704,13293525428104218557,10297550060712262959,
13726779978103279360,9933443187103363084,15843215665309429900,
17927799000932528439,16375271840636116306,15545308831238220701,
17314876583591864366,15926838960698792958,16716071654443440589,
14614661245417041204,14092604523229588450,16180354112543499681,
9228171048079782071,14174556505012449957,13621126163055016116,
14430713729213103410,15822112359703655004,18445160985519010038,
15580343287150928111,14891615087588611364,14528146405667592646,
16602098264060748389,9511220314510494957,11769376889935611669,
14322336142621286553,16225556238942818096,13668777051018289288,
12504746230993554254,13444015383218914862,15332512106530763496,
16771378454650048101,17548135651952486253,13410954227687474816,
16781256187939801548,15105283060558847864,17660647736271376573,
12645290652199446830,16720366127443399698,17934769972733518944,
14148144556105441359,12928431826994979012,12259559527920433415,
15417265238290778539,16183498163313984772,15324803666631850171,
13364070565619489765,13783031689844999713,14166244164578732670,
14499863840859250948,18096769619805135401,15366883567222394469,
14111335949634353782,17827089273082319005,16701474152385364220,
11835896334556091052,17240579657203016502,9345860048537467263,
15528652126969333224,15812933894923211308,9809133152969479220,
16391627896017793950,15738692618643385854,15542471665671863299,
11361228119753059312,17399392516264822718,9560541287714815499,
9563534335434207190,17687873833774999363,17803546319868854760,
13116580763220784084,17572830601507089162,15380476906292156732,
13192970265994424348,17835688630123703139,18271232290685125347,
9706321045433271032,15976290059036483032,14032212485467366292,
16195182981100220825,11652220065925693520,12227896449844315036,
18273674586150504958,9901451757492570735,12193560869449880525,
16904967451897401529,11329214738478515494,11078324519855699938,
14511956622005494057,16714760350699437264,11234256782471898517,
15318425696843493272,11158813724542696628,18128360896484502797,
11590081328995994471,15231272860827947616,9333778679163985458,
16279995525375332539,14506058560855870027,15460106759822355727,
15788393667875934415,12610676999501731088,10377982919502811599,
16905719419861655607,18408022666003288062,10375017402631520145,
17403428618053580809,16409597856100953316,10660913803286692687,
10149180509184363275,9370771134577086633,16337062025666295898,
9302071173772306612,17235590592931436322,16581857178661150075,
10699727898897401018,15746827612741005168,11554424463314499557,
14495362809188826344,11565306054648696883,13079921976532677401,
11452659971120776057,12369599041431004162,17340035582556392019,
10459667798371791285,12354136898943198690,16776298700391345725,
15741971439572554908,17966801564740659050,12702762944735962350,
18446286224109187963,17895612087267771080,13256631143142759894,
12380690193629554022,16626048697448516229,15636578001493068432,
13186565336590852457,12595913754007120493,14302113787647361250,
14196849615704422866,17205098679710508889,14616277480147405824,
17771330275474427863,11394316316504410259,17554477917537994983,
14133544614496394250,10670881482133532501,13970040990693913216,
12316768660338474827,10217155218973493830,12139052747307147995,
10753792411459554431,17913606694117213446,16437147466839665171,
16320195809925363328,14678112447883936870,16442255244471852789,
9803326066025625032,10577983443452588532,14855295666921919453,
13144333009161975809,17760485668248342768,18229419712052635416,
12502775876971380435,12114459193737248921,16477399411458487198,
14016857200036561641,10370056345951275733,14006474868391965583,
10039024305250698956,9458660549628843909,13251490573306945871,
11576441651342744383,13777403443891709243,16005007559704999468,
12206734818354421252,15023576023866880861,17744281986017685677,
11698001177657033341,18150351764850165130,17450778114097393590,
10065810044476708085,16918562311391536817,16501769988781179081,
17481268985784667721,9792387497432318320,11397684689999627286,
11961786667288349874,15521005904210135457,11793512183734157109,
14900967894363764798,17463173927847025023,12092499438236429179,
13059883086099697233,11253409145236163294,18428194636518699637,
13781459650501053798,11125497872158965559,16493288342221622725,
14547584470774388591,12054960987264202376,9390400049449998387,
14736666183057731689,10407271511322569565,11279809416081394863,
13225057520995539491,9860124722517958019,13069124747276231963,
16142322320369765878,10603793405240220956,11232153472921832460,
16707881572879716953,14867230375473236505,15962517894008607999,
11694791888225507963,10793844420273397699,17356460172999401853,
10318502195762565663,15439153718530408590,18153187180210507995,
16483631310984986167,16743130992746779666,12102711347059300968,
14839229542294630612,13232533129806228602,11969421143266024657,
11383064823959327324,13023068928361665075,16642544477253033147,
15578986381413218701,9340341556607945937,15657747136320190615,
16130456604295596529,13275078387629366531,14582403378614902251,
17528563027141226676,15485182315835730982,9967834445524225209,
13691398841811230437,12689783163472751439,15666028181352232253,
12487308548290280401,13707974134656445894,16078103990792216584,
16035051482461563418,13912024598833760484,18070251831752359566,
15980243405071544982,16545343942541827376,14994486584017511948,
9967004965981864853,16129361550853694418,12006490652841433215,
17648690277189266941,11017395662767896483,13915965158701147636,
16641297535993313067,9811189685847680445,15042178682353253405,
14940265530022255796,12952454313036059535,15414381661126203416,
16995881068335749887,11085842749941128099,17164702717832228067,
10836968012738456568,11569944671839877179,16673791154472865220,
16513935325093875176,12744016174703749937,13133540094217069918,
13173506525472660938,17567226390284839801,18007492265608023274,
13626331739622729825,14088779313750255632,16419213664080169005,
11586747377650878396,18165273802349548753,15510624354252646735,
16086210955823579610,17995237292977098652,16556283666485857246,
9735319223312918951,15504476232686061780,10198082586146634238,
11304490162123570425,15125552265219368008,10570473229954980731,
15747707107373245598,15128402178298543000,15225592413637870018,
13084093604397322848,11865946278880366866,12154420264852678866,
15115303013657204539,11627863073637719834,13153918799497296040,
14865983000420121621,14807778874804827219,13242287652887019504,
14085426872498577286,16861262801770499900,12649014302484679663,
13243532300625229569,11133032049520367229,15367755607909732089,
17851279323633193262,18152431572247219051,10562245631705116825,
14246442446370029085,12187806855624586561,11816380689151442302,
11048134391545287140,15425296323837993941,9486467756334117280,
10841622740415007065,9613588161776040956,17069692899892567707,
11553120325751480467,18065749829415528511,15399182876326143003,
17514297456487083767,17653766999938906574,10110992950822165103,
10368966094301601455,13284345584633877271,18045643660204073826,
11901113488456714030,11559212067061745370,16521629430483352503,
11786289826513617888,14728671965654057176,18214550762704265344,
17591660812546222698,11208438381040504666,10298034133338076133,
14468511532800389595,12082613200878152105,14050598685344916007,
16646180679514429903,11937549861540529329,14804581907682692126,
13515437642387717535,16776237872678979398,14004504396257737566,
16869626445789326763,14907287156014417919,16682648163315603717,
11948368883546314069,11929957858660649013,15701563546228436564,
9598529470767451741,17738816638073971650,15552161321607746700,
12942812902656605028,14202168725881915902,10165834799672185292,
16820368497181732981,11926802267267879192,14035555348904495473,
16465693331353458015,16567005138665193899,18364184343086147862,
15231108302807025923,11742785868108896978,10202943361390541973,
14296115311916893304,17086970525718260242,13504191761239355991,
13226729599109211482,10854771357503307463,18063666019093289293,
11547134352719734818,12688382655056427961,15910488935474795056,
17740599531072484757,14761826122623779250,10597564512202593524,
13190813453827387655,12355645840675687271,15928050653023979670,
11065853485901973233,10433593205433636898,10726610283855694909,
10610546460285277017,13371769981756803083,9459970148264158471,
16840081628102936626,11025799235106428834,14101548739577054438,
12164293213530142399,17326457825688955943,10729642471765217232,
15886648303355620336,14479672420508336511,9330870584082650658,
13951789749954349411,14955166386807527627,13370060794980480562,
9248755605505598053,16589589142187995701,12013230715559578630,
12497220667222763092,12109354072552720133,10670522803716105851,
11815367682790860304,16922833535642545865,13248228369671271030,
15451629708895789715,9356246245667755966,10600896642474449308,
11923975134784386035,15619386133614961838,17610118974882417765,
17048229474902191671,17848572220922943539,11311313710742708979,
16867646307793366252,16869724092252908445,10402716169578161714,
14231422607787635788,11850029301871038586,14171137785713576502,
15242913442425406655,16367520468076108792,17907267791504255788,
16168965530548316939,17311994672881121675,11672736620868205493,
12230611332918276266,12876752061406208882,12901889259031429413,
10519059515008987849,16232147841240459938,9933160087521197911,
17809621699437188624,13539248216060639435,10020851276171649579,
14479125894518681966,10064445560239540470,9852847316486169151,
13318091085752369164,15199768634886379611,16019242520007441151,
13912952624638881136,15898124275392347191,9363757921607441378,
10420728735903622864,14054667609402190390,16438766639339156509,
15298100614439792789,15420883377996537473,9489735865572933746,
12905653499063920812,14670062303344772963,17299360154652497839,
13657602915431885086,13196308508028658577,9425313818456895111,
11316225332155929500,11614289152191086892,10256928053820641893,
14068613680483895435,14597407070204552498,15127048770825376538,
18121447629942436593,10095723131280025686,16890323220412284202,
16476675416725696587,13357246576764471279,16457010286546827198,
15227713345507711243,11331075147350120669,10232652850914941228,
17842976283987560424,17090692829525968776,16535903865984684859,
17674038715017625541,10566166499070391793,13944078750244909710,
15907413318833507499,14051200547909754060,13662300030306548005,
13677986585713735158,11765519480960458907,12958337273021576600,
13630998226965753928,13520207664617528927,14823431579294796571,
13373703263623682855,16008227814230941240,10047327838819503688,
14147078588295884842,9574451716870934676,18012710873157505160,
11413588073384269665,12218891148085452567,15791658057658517045,
10680218225668139959,17353991654508573320,18086825387276514205,
14189714137422319261,13915731039117693638,14008714801386348070,
14743417910952701013,15819556833424867662,12527130745389723916,
17326685981686992238,15806018029915761725,15021142354877063732,
11265230227835533762,16303907415575760458,16756578074722881719,
12498708945786730610,12844770469456495003,11295532785944811593,
13338100836865694260,16721973651946004395,9586548488057409209,
16575902687862881083,14451156973071961443,10339120919786919697,
12503605045127401975,13583076127936313578,17951927109222668708,
13157051968925565029,11031545082019442473,18130483859881824182,
17422559712056566928,11128433805179755422,15972444199273582597,
14785494197314131188,11583031119033286904,15813028307263762659,
11328204184553856131,17875058460169981923,13932813554553037348,
10060074249973979348,11030419104691999387,16197124990374797993,
10244874919672654119,15445860752820801994,16350734907841645721,
10232467902456981645,18389094467049328208,14227590728197990286,
14023108832867529588,17023456816200213077,16679630172476025456,
14407780101099364754,16910503042158637738,12583014664757751289,
14825915336389249424
10706258121577227415
17766490723894503492
13695357389072071760
11772135109399198513
9642253121904036975
9842387110337336391
17617192042750547212
18183520035137659576
15754942723209736383
13629754764643183845
11553296948382770349
17087732878954114675
18310755395829112759
15036808109676278377
10587122201105041194
15951341741927184029
12727585360828816263
9964794749982514266
9748976003592904394
17584927497248129758
13069711212323075642
10683309510411465693
15707024369406419888
11011200801036817226
16822484549949654612
11175500255328707309
12931285893323784262
17183911525277609219
15574892351026407187
9582283493680859016
11076904952447430247
14117901623113002553
18329421693094919231
9889016960319752223
16069967175621353434
16169250013115394017
14844390358685515858
12566701121128745361
12198719757392924572
14012023038661661608
9372278873714044363
18168324286891360650
17531272683219546014
10371812897812309099
13268282947533722961
16132776157705314451
14905307400272063396
18077233695633055355
15481696493852772045
15665255627529182262
15044330263229678348
15371714820893088913
11913394510166252347
15601849765061991664
14579512053299031543
16794200889920347504
12498250866404736212
10420032615617675665
14969927656609476838
15230539296870610154
11017943052049391600
15615459094357568508
10738295065134602055
12938048650737934162
15056009194740170164
13189000620494702911
17925368140862347549
15713806059110524591
12901663001416386118
13684447319845797032
13653154488726775890
15437209289032303212
10552267400082343599
18207368439030574498
13011976311573578348
13185376055492747448
11254911642345009777
13037575698880604715
16016711578217667531
17856446305473794791
14044114199950843436
13658241568830566168
9708304604384077426
17383019066197552745
9321364158611131141
10242645758498441517
16423611697736851326
10285390479678283653
11104114428362560630
11851757614211582470
15237903465876256115
12484471077780084481
16263799825372667195
11989042447427132942
11163811868410704829
16404289481236276983
16707568526520891508
17112431084106639442
17162321535695677660
9798612179238064989
11809180693765655881
16550983089164790041
9597809702299050382
14190627590346409578
14263650877854353555
13979695109931353640
13420720403060165975
15072770430332180131
15445548430166825385
12075869429441243686
10210530549593292876
12473843257729108275
11446195096624091450
15735535770967775746
17082015361756237942
13363925010755738925
17033942257528190747
18358217968066880083
16513932284245177237
16528789020806231986
13370504166189457729
13901460804110837829
10218190091098188194
12873305244321352252
17090799987231881995
16789045231805398053
14234042021954970817
15367647099431393380
12054523021292771189
17851376714545252498
13659095405227780059
15489963416977059868
16172311632403495061
17112488520929074703
12161950447878892730
16076827517221819600
9293450586624535271
15392386570791197321
15814764719944342151
15928591629894196189
11503936396899941697
17922891056025732254
14646926153845615730
14569208865326496702
14842849178802360611
14948058400718691448
17371415258253990344
11714027612336271090
13325669812836392865
9529980049155495422
17551792605429600190
15493054347384185973
14500442682309311383
13702019087657762599
9571154208465955846
13566540748378392794
15969238869817413869
15265767740035301941
16473060828971802211
17805875878444042817
10495561019176010243
15291747753128527063
16261362303782101536
11133443008631826361
13462981721631721875
10650262266333528053
14369787805599477113
11063772162375561066
9445306958719248047
11353194944696130791
13975771564643481879
14768412034067498185
17101765399475833757
13531359777672972269
15049396504070600756
11011500945263404677
17772574038445936776
11531622407743783637
10104885584359753150
14284151053874964331
15227413974378300437
9474058613101336894
11286152229277386268
13924461994472008331
18382273448175849377
11773728490519135724
15762712574938863264
13673084331660859895
15535533101673454976
11970166249993226768
18178615771032203899
11122989182681843317
13151409766421445041
11487078715292429528
10260690964555585433
11756896776385512762
11938156388458130363
16016109440773850128
16769508152282573703
15443255314531772478
9278847451694795492
17858336749169225603
17195959398070067875
14849874044063865330
13531059672101234494
15111871411553534996
17732488202337295457
14824483545456209173
13138103394567037527
13109138165657937181
14045246555329677566
10393243333029790520
17703789737038342998
15450957876744958624
11411093918133365925
14342626465718685730
10708141865097504503
11427870579160781194
11822048552038129014
11159077490253954909
16327535503964131576
9691212025800977770
11655603463275329112
17192485567682671641
12201759699896263823
14156660833121832552
14530367423551997902
13625595841341522680
14532801077509390292
17643798253788552440
9836714840796982744
11192705585834492751
14568571590617736817
15672078557670646884
11945053061329105428
13905472841103659189
14863491778643341555
14654331084397924700
17004447338967133985
9814526725286404185
14102992438353567778
15796354010740012796
17022121552887409161
14587807164404005736
11667038403181434148
9238702209513539308
11404272920734771353
12729891260484020032
15541717077767336218
14901138295710585312
12669197190849716477
12445643959777575324
15174112695523680575
16647975033678053436
11488859553141028020
13885605103639722435
18305152715768686501
17523415215962239437
18063577615435518877
15242096061853280258
12266262353126425410
14319762208040662264
16977742875872788592
11619534667815984909
14776446231330718632
17945029671844526381
12512676231942429904
15234724739551596373
10904711957326742878
9239387409802419426
14738248014965480657
15036139344144048887
16617373452333029490
15145181903797123864
9627078990312735198
18315991954264634949
14184679928572837959
9631767388517166298
16116472359395217410
17137498612794752273
12112433649169358433
13042458745764575933
15191183623091928108
11703601166909917686
10824192962630021383
18102738485915241737
18355560758039454989
16301498734803479177
17307125421486100784
18438210213028298131
16823493265621113581
12719526800268284552
16504481981330863254
10867301572043025447
14021681379868437094
13642472927687223192
13993494002645284667
13021146581524330201
9812203377258241366
15652557985919190724
18282199644261900380
9361986277172343355
16958456028566264492
12977559523767208818
12309333598325224110
15365313185742340337
13537648044570847186
10537614574334055816
16386533568128349082
17794410364693626305
10720902153345599491
16682515456896821410
10517827419361839802
9311870656746720455
13607867190645187355
10392044834895770130
16203627149628534284
13146502092098609221
15907079053105735428
13638144288088725637
13843627427965796477
12625916694025403303
17957856775012861636
9451531840241697263
9742241524354090998
16441261591309672117
11268864593991252785
11507161740982027225
13946831102760207965
15822784157494652290
11429981720614325875
10025335862347971458
18294569361688136031
15347510944788392517
12458508781496279230
10175539402152765049
9560751144933097301
17885919358270787950
12439572907405718347
9578839605775148707
11804003260081298796
10501191966674295127
18419422977600083226
17611418795986449801
13711083797636741040
14157648387406626411
18228420176909703814
9517082896943970345
15035864561798601522
12864791033192328921
13678949856158423437
14551809051498058674
9957929043946905208
17528376564701401859
11544030694127253242
17982653992433934729
16311917616762802079
15374314856092142614
11691306229451930829
11420331864148649743
9782808813148217623
10364480447264261756
15638069615112206793
13971136301834897416
16177277383501352954
18306768512410687239
14373992268617580758
17331555853707248322
12681430375026277213
14460649680364321577
13999689759880574586
17113510598296087027
13227599213130548271
9479424783419641636
17622956809068550876
15666339080219047912
15896034136411067322
12609046694403472489
10443157050547699251
14123242654889333722
11797889859166209213
17762300399964051488
15015161613135986958
15666014553367692529
15729952841391749919
11256822832961166254
12458079830696428703
17038947621264453739
11890492252616398188
13421457252680384377
12395139250299588534
14475884019042808332
17752596658627798403
14433787889854822633
11253483770584995291
13656903859524305399
17043506592270430491
13488762254188297847
11621231089899564853
17608057708931762237
12896739929575560114
11371294093606092304
17259411019297902716
11853100917734654285
16036436906893749687
13331802824648919768
17914451959873680161
17368925655686204904
11655726471620040637
14291653055362991699
17860640806276266357
11400800325155308318
17775671671175736531
16388268608561486673
14644979411498584337
15487557411979856039
10790733251901226188
9635056435803496160
11416198684981690887
13824042124361465755
11132303845703172308
16722665116469233321
15799867591205256042
9459544465947253167
17423638994316850388
13998757533581001525
14663220494600736694
13627307042465367840
17119907822498155786
9813419143375862602
14524304218116143981
10666710367519521030
16719374364074207431
15802746171155852882
10089214100051787646
14868557224912223139
14075952272859229568
13690653488122505541
13761701448016692617
9567147295389162792
17089523962487299596
13564073428188136100
15451162897811102396
17012076136975799533
16544511501607932258
14269062901422940635
16255608420953820361
15893679276084534468
15722640993882469687
18367854537999243393
10036593870383950376
11890207445778049396
14554963816106388183
17198482866587504732
13508920532294386545
9669163102135219039
11316904654759099276
14028703333130757140
9732599315107590324
10472828527315290535
11329389960944974300
13429894001623605432
12807837302003986503
15394299752132470972
18134764146549318252
10044269981937511150
12843788204444672477
16356612814778398882
14783973637649651762
15826377777136178953
16068667375992288647
17406473044520363046
17070823820746739962
14524740315769502975
9622224900211593372
18273795455593142481
13315803903637884421
12877951762135807779
9266368377530859468
9535416829012461182
10385076152321314804
10512738947683185233
15481945224972130464
10255593698896975803
15022161206711042432
10190786980119708032
15721487457789493856
10926513833506913261
16048150123114861939
14626620484770075982
10982745526327745427
14479019419715303968
15760477976314727535
15780750284101249566
15483061353901023160
9288134403478695020
11881988708080387069
15738169556151892290
12422979244913508651
12725281651615481696
15649661352002966113
15176930864375375818
18097533545005168214
11120459877281014479
18392464073205014858
16616610240100388803
9783425600782811001
17055071249286399120
12462133189731342802
15757688508694332238
15936410047156058996
10840327978802297375
15634027813879534774
13637872664704071393
16034877544195389165
9862346303045294413
11826162951387064492
10111687421834248894
12064557197230994660
10462437884876458040
18201439926443672081
18136322261554802974
14705682315915201416
13277633031288928021
15989964178167284398
14029898180528264015
10909857752010728402
10516042443296014400
17246402599080715515
15348783149144604793
13934747577304707054
14186483420315140328
16323607343715839247
10110055523296857400
14625311897603527763
12614630074952836313
9634856798499901656
11510558639614183012
18210801409086687472
15290680140340082435
12209847560838324888
9600906869023069518
9858451231354541931
12003158136021028777
11331624911757813753
17473357423202598097
16876311455401285835
11581164460959849052
10598539892354975364
14262967857269887897
9384665259973579506
11923345576014579282
10877209975814256425
17014858137766363734
11355264390444009086
17540869215310135616
9641643867671564927
9872990980908874900
12438036469185008474
16264259669993161796
15030691242709002619
10065304776104359222
17453397590541997352
12052689129653013235
11118345235415395892
17655108353539186543
12195948124694015406
17166838884010714477
12522399470359015301
16238663396549592506
13831152206402575221
12988194557243946357
12448146181008655153
10662584949388835296
18072394848430476566
18122395981759840181
13929254855279792738
10165828735154660788
18121691615104401813
9724900891111595568
12265929856932110097
11441550294655808800
10148139873191077270
14006180369922021748
9599900152666708643
11551441448678002634
16180270203586599170
13805838424800943360
11502939251915671888
15101863228859120815
11187369802528702655
17158809101991179781
10507111543546775229
12938952616042115933
18153438810444165777
18071774869622695916
16998251933920521645
11873292082534017932
14703599005958603663
15474320077699928319
13071885105641915595
17117332612307227037
17765278859769919328
15635522766848799425
14752656196271738715
9357104205249728994
9504077401610911897
12138571109937362541
17457717150544109430
11095645363958937119
13485451723391493149
10037494343866032195
15753040305098596719
13477067650280793541
12168163172448853412
12739731666066934894
11283502176840981638
10645100627453192409
10031521796954599267
17188571928775644329
14849041192958993187
16354868009698904001
17384600657586127680
10980959987619018660
13824028732601041796
13897588882384386924
11140654362103085725
14868394071351086464
13762360603521998069
16261721727379267844
9231870775303588243
13100311844476602778
15981936674636803457
10154255563332708068
14445610744135132904
16049747073366605780
12783433451439441500
16481587914315707460
14174954396634764609
13112612144222294054
14482196638500528332
14743713794555062764
14275684675983909395
16578068248912545433
9736846693606853554
9511803133115846532
12391857938279641753
15812901935946547892
11750891931193627224
12795651448552227330
14201833324130852871
12817137314834525599
13361902453349283759
15000976300702295161
11835965393605504208
10601365613936191884
16847342129077323771
15865911293321608055
13089445942719353235
15703613000972859752
15092250390861398188
12189948983240987089
13710968683472800131
14783532536339818026
18001693375641342122
13585219964956408750
11052662344176100803
14644414949655328344
14412576150932870016
17079146398275059908
12532273381112921956
10353964850852894516
11338698971767256020
13441228443196685880
16332448186238432316
10401803399556588353
14092798409549484327
14081525762060213402
18181706682111911277
12075548954907433033
17868568636110660853
11462722831110334946
16523747997964458272
14177439180230382838
16065093738764317267
10531374127789191285
16099926405586395266
9485908190772743906
15125659974830745300
11156538010035769096
10219098991339073310
16114247591989694459
9296253602772268216
16521699352824574663
17454458357125812314
15086324633506790878
9495490392648832102
10968453086253041697
11362556298489607852
16978286820576990125
13277871336334387320
14226597843837954217
17859693137361363651
13390114479486225881
15664823382476564829
15550641483500605656
15118466381118715553
10725152950652210122
9969007839476186772
17495740971227347865
17482081558122132372
9872819731302719973
15260471565072900195
14363242825354261854
11674142098581140615
15966064588801328146
10227077705997617348
11659491628631640595
11348053629680542094
13214700201190905305
16662588128675895027
11672585098124073316
15960853821745324350
16452971120286924820
11228213707626551899
13683848092253675222
18021041409291398142
13211850084099977958
14524700582871585247
17208487606852173677
15908106194259015434
18222520438568789280
12010354070499374307
11590262607390060852
14832893289686883484
16305456798878609939
16288979990018850658
18258075534601985255
17982362713054524035
16992295403004844927
17796263540811981895
18400055502704497140
15950359412490581222
10674617197029155051
10800258442158345340
12393056956106750093
9405228879351885196
14919793443197693756
13675193834577997273
16990454489066052861
11581474155083562318
12620990246327060209
10224427945620127699
9881702119206526664
12401573359825144723
11893545717877176958
14176024663723397869
12906572466747606893
10063070486719096012
18438206673961391103
13276860460285927305
17580619177219421606
10235617440069675959
10395206033390293352
13661373320914100867
13654703616478026118
12130989505213985870
14098957393130870161
14118319355414355488
9670772099817369473
11461638519423695448
17766271860094555725
17493152987753691940
16730140547038057483
17178685717187271665
18256811381193453888
18281433135628959157
9828455197670731401
16917836794086884881
11041531394654833947
10487269859456405500
16319485868380577689
13287552013606020903
10163730893119341983
17752419200622122519
11368201290585940956
9846105829980812028
15731340172796867218
12444698947310320054
12905872429436113296
17808836486148494807
10741194817209298380
14713163727249399201
11507136288906243236
14386673778267293908
15791925482696217073
13582091803479604523
12002981998722968290
18322583324633162767
17427898420246548696
15025653035229311240
13964414608763751619
14851561639955126239
15744768270943237867
14362620243786129738
16157638332465964001
13925623263683828705
16198936550244741035
10008133134602564755
11049643382670124048
16843822462619589963
14654259495602888423
14079709046061871123
9419558780277920049
9348398358372494838
12873232427160856469
12733588784380973263
11835376832606431312
17735864781399624743
12549309016796774375
12498872966934676626
14856936421716539862
13999660631298399047
16555406192643650061
9291883074193832849
16670821142900743695
15528281549298468285
18185566079664686751
15123613638244795713
10286295237407019952
13381659169769187771
11798511259613714747
16158367302937847248
10898511724718037013
10892861565755866823
11806143450659829213
16460826923237939930
15336412168993068954
11765607446529895562
11936242751848542139
14068180950098060194
12063365012723582718
17550468713087188629
12754435584946122867
11026051836006506978
17977564953817402237
16854419745333587575
12755986394183660434
18003606058764483942
18226676125599951240
10285260648751333169
16624060824186219260
18242223235758272039
13717899802116323304
17238735189164935671
17899312458739208589
13724976011765270184
17194408898071374567
15972834986992185121
14558591583019015549
12378592231334739650
12741549923964546348
17393315936248459185
14869844674314527927
15273136865452608527
12496722674553501621
11758261655761229086
18421400317413887938
9611761530806939198
13927912442965933817
14209532332244688185
14027179698257642371
13611540817250568202
14034106616406679534
16715210192301980272
13500172590277963248
17160335079778104789
15678794708064788507
15710491271984475623
13578257303949665182
12448395702405100893
13656410179019043491
13114205188185970250
14789048184989864553
10768530393857711020
16764362604560187975
17617557930298804102
13435604926020898583
17225795911749312851
12568936591634628349
17557719565379796999
9721570886856853936
10934671105687102761
12716239020002249979
14426420929109507994
16593195891595939966
10194275574514959611
17787575604018460291
11308701525033654507
15160083864393308424
13539467165760272118
11591250406488938343
15720481849539044899
13976233964779528286
17113756531233310827
17586127618886130153
10980718257323721980
15078455449532849955
17713470465849731763
12738176789479459784
14591051170192057103
13844764241538147995
15462881042526495039
15150934873941294034
14834356631573155536
13322147172102193582
13361218071254905861
17783581107740691235
11122934249835168398
16105390694816560343
12727873528492214443
16875992512029275854
16249346939724344050
14874891132458670153
12288257851484965816
10985593216752655785
11465053882192463442
16859784137528483527
9408316899907263436
17016471451907523418
13889224720819986949
15271202982287970560
18220100361056182479
16213588978707032868
10589174617240964216
13072969713682454822
14414430415829731292
10292714318783231790
16816239982367536444
13562488606971481059
18345449429154320592
10345056587817388502
12722603529310430349
11818839631975220991
14938470288944471935
11218271931828816515
12730419442596567167
13201621373299305745
14353968928174553104
15333019037061994196
10862234476500243094
17514172803163486993
13221961028584046607
16616920617126592833
11247769549787387762
15067170471144199664
12400258255020212982
17983637470778799973
17772229900697189103
14166704833836211806
12339790041419947745
12858433919846782170
16333039521797239323
17532236877085799639
10886003311517668475
18020188051784906760
10695113451729296342
13860494418951334539
11985619624270968899
10336183897987678132
14442698341184747400
14869946297933359169
11750415842943271844
14675970320267573523
12292311083817792265
12590541295832102843
12178515647511470319
14438603380933817538
11690343787939196748
10692200561298202465
15339671838588112258
12279643747615662176
16468902133304316280
11375972505972494783
11735172770414639846
9705860608105001897
16074290850218218954
9239139080264060290
12164331301449204544
17475920051237591208
17468795211631114535
10271030316294279249
14085632265080900386
10185892946666404658
11603788377769927514
17327517935140240569
9523085229570166239
12925288006006157656
15835557167485708538
