1000
3
9045003855325178900,1543631868112863139,5271847236112828173,
7280646103372875252,4353242667604574072,2414004198937082047,
4651090900912681939,5306073376017334141,768107545997208169,
167444020460471862,2128666693825781042,4146188465492435002,
548193448513124293,7154992153680693145,956114219464569893,
1638843681302388045,2303520828884355952,823463953270204626,
2736314902900265938,4509522422352110425,3709275143090516584,
2147049676760237610,2125005511936842119,323692716030458966,
5399709404636776215,6740644658428852848,1521033588062902750,
6462321594652649663,2448275571466677164,8171144306648128981,
1841085012275803786,7890964536276618043,8021001727700199933,
7640717068467301338,8710868699347603267,5740188166234901642,
7497177995365446467,2407688950949080715,8408780930181197894,
6548732233792775072,8709587761141207282,4882309473865743759,
9105283403158759108,2676197533666415010,2149144108578162766,
7882543146196526321,915278852795147743,5597563667047956400,
4795387787452154689,452805796526938920,8674819514785688404,
3406732636039721527,5824401336888470925,6413857926045208418,
1326006032931789162,6578650813880760220,1642357382027198154,
3562585729213949507,7452874510637499347,4472852846663937271,
3485513162906020022,2516066129517407640,3429715585603415258,
4326518325176317437,7245919771767217551,8213090107097525766,
2824294267804092494,8764805861336118933,5813665474364889151,
2966343099534243984,4069085067641113727,6180724189615696559,
167603342895772647,5764991914179318399,702584413134103483,
5036952485333823401,1925108935192326227,7876611886967269601,
3747968470190715470,7507508761430901031,5553216057800835514,
7733278958069922774,8411050842164619321,4852110669687442023,
8938053704552527402,8545726691581738654,8150814959325214535,
7594784945094899868,4000077495779892671,8297433293362360609,
8407849004530512145,8730246261013339692,3188889476810519397,
7233062880736661198,3832216864008913456,4642760738442438393,
3277623152592436240,88209722081206858,3312002453777555644,
5218828605867064646,2942739780319212477,4884314303725312129,
4129089899701497849,3439425518159248922,7182597358693634962,
1339963676848151988,8083542217442894048,2225924482822581058,
4986148696785312635,8636813619218611536,6181078167173029863,
5405766012977078990,5389228069313622780,641434714406190975,
2630913446085459195,4965439879026929933,1427944714648295067,
3164032795334533621,5170625554747509794,3566372438455783164,
8094058391529607372,8643685877252463188,5551581294509050286,
454534100277503385,88085077347553695,8654502489765694,
1395312679568554873,9095206369721673828,7443494761427068367,
1203255352906293730,8703104512702516649,3409666037167391203,
2899770418585808791,6261801759879995132,2225423393469751798,
2659632634682728372,1725651378837883495,1867746931405107419,
7354546499649397438,836911713853795704,4405896638667540134,
8008055842451528964,4176118581907720808,548003661755580929,
2505369246122061047,3275561491503216974,4644657826478282552,
1094179711138167827,2602511244494927830,8342805288530452981,
7169963003674407348,7565678123444866279,968034949990114939,
6124215476762705320,8116132904710674661,5335352205338225130,
1392051785903031447,7028076543818269773,1064970080453660727,
5518167982493537524,4132531397448552425,7019109222603829824,
7917404565789692034,8658898904219809149,1920640365011752143,
3743275796329615052,8206182447657196732,3553226552977371897,
5594186293413559614,2981075038889728356,2183893336744073560,
5508457074976312479,8334899524176895527,1740310329233521485,
7103487007113114788,969894544962240364,3221167834981813497,
7911961201722100158,2894176440163176558,2644699002873767120,
4457220096670109738,8650349811377382928,3917879681991928211,
1070772511634747962,7199507310257688870,5424333723177805588,
1214413506856850670,7892226411196064458,612511011550889247,
6403131946280047647,4010731124390337951,1837835749427231284,
1868977689164727599,7073815465920765994,6104813897545864919,
5471531393681061538,9018206569034417369,7240182901370978964,
8184971730941472950,3327862981810818032,4146196467047818891,
4838867133450464948,6426014912908807641,7642759421455477163,
7843416770881657901,6065198518963433081,8492330555855725589,
7597848207214407396,8729797377192282397,7428043543231338232,
4462362899897657321,5058752171072107926,92628191272219447,
791374056853866519,8518314286257696860,7294343930815895299,
1868349756046384440,6264906303239217049,878966853860986207,
1972778197097592033,64412110670307940,669184458519151051,
6085123628825040917,8029749500064746375,9045562329960608343,
7823530058177930885,6046559361702153078,5243520390018383943,
8970530405089698042,2312825604852284964,3877613123689687322,
5344233205962162985,1194808998231111725,6230976036199598545,
4908663603696757750,3026575827746117389,6184598877311896068,
3690140205076758629,7186397859129423352,1522209099442006041,
8748396964765021461,2766500968155718176,7052195014164083762,
7964971823969995237,639464714720214288,1513127548830362704,
1979389573502043362,1862602642113060198,4047003321706816986,
1505549947032179068,5725764909534400336,6494670343318407830,
7162277086672130155,6569327101327921081,8271753430938192941,
6571216576504451077,487801561075346017,1388727300702879003,
5995652961688437539,6704391397697283940,7333565678400271290,
6212357254342903174,4083835037339862493,6099943387720479330,
4694907611469815098,3547522092531174548,4432703367480860515,
5938245476167051608,4142963881622518338,2872975926182197857,
1474965017340533073,6399196557573520439,1123981401086306183,
1212524781155055052,6629091867399351665,2720386028784972511,
8286203305802680994,3963980924658369409,2687621914354096861,
8794625884423892540,4302368239452521265,5417898655870782409,
3259157632948472321,4307555145724338908,8850327172477892147,
118710422839608920,6442628156233557647,4278612993764814339,
6900589561483155649,2404500011152234848,3137126650524181099,
2181074141391203110,3991145455712358411,8705795322390580223,
7220572540829391277,8314923812960069792,4248451732042556926,
7294169872290137121,7556890723409485103,8737489929944998725,
3908698786250482028,8872824103787974045,3191237052843991726,
4081508362846535818,8109432957144051266,7482301448190198188,
1026897900396922260,6551478302746307844,1183936989006448954,
6739954456630984395,390666855585486128,8783774216243941577,
6506552451199415053,6802601661696202104,745749909611554767,
317940048682689545,7112277009908862382,8989926594101489178,
7376221300134919032,1547629720920700732,8948032327018860643,
332638186513283307,3360342233568545854,8367490965214377812,
183635395414172443,6441109063306150768,6752080231845107117,
7882218578542846714,8486632512115778122,8071093820202890378,
3616742096453630440,2228735161221975259,1519135615260333373,
4200771397668273586,8183428244651844678,4559526278701388838,
9115419615034315978,2144114327857285628,1623339136584035062,
7771570180168430594,8874782988055092168,1408531167458243252,
921341353853639834,8579705375977150277,228339415327129387,
332804557017497115,5645538849933427043,1648358396093271697,
4829195271633720276,8876237589648708855,7790525154053288746,
2963293102473130167,1079721282812847054,700812695684225894,
7195961790143143281,3272162123255228725,3409222294442305199,
8842574086219228137,4359445683362979911,8995814877719811280,
6890273991071457499,2770259450762026917,1546083593215849115,
7912987501058481126,7327186944104743059,5260665313720245231,
8511395262289431288,5018708357087933176,410887320766405421,
886288564801297206,2702079492272565240,7453697025863145274,
6030500441910688561,5486026896309159407,5701203641360003003,
8896901170487035114,2492642480224873285,742751076548576342,
3130039276064030236,811994496724361790,480334741949631516,
8304966098476349955,2110140269159752936,6467033082691621677,
4141151031109886318,8495691232739430367,4960849019911474777,
6659767902293790496,3703122367908647183,7533584037271527291,
1413235701917952509,9136871005479235468,999773860305555886,
2592002653202656757,4652707316032379151,8793480781532238489,
5372494113313157503,3995679371928575993,7718770102336248678,
7042187486454737331,2369457845743062586,9184860355369761452,
2958231843813762142,8143417534257652205,3893384204384020632,
6788352416276633843,2684974531250298720,7435161184444462936,
7154427232274125099,7441876366319699672,121384473499702588,
4562560695707660618,9204779076442524480,5531720622293939759,
4545220863479721543,7858588553116662753,982687552399248695,
9110897752690991870,5220891104478183997,4380272357632649389,
557684633233608064,1014186403168220663,484611596924799989,
8344784576119560810,592336124741270990,5953819623250294162,
4078680616180316295,2223220564843035128,9089413593664850137,
791885782734818454,9161813436312837639,6095010596330616138,
4973778652940299994,6127356956985213037,8844732444580542345,
3167526936701738668,1912740145482671662,9139829250942440543,
4758473885150797821,7376785525754062392,1434095357370548924,
8611559516421090611,7517555296185870908,326284955833358690,
2292104432572121578,1887176041470048050,12643550580192137,
94604511027312103,3380068399766502730,246312536518588062,
300607008972100960,5408616759283170078,5601733946287593031,
5348269724364379431,5822558913262789294,4941871035649293207,
5208706977610037917,729288313585513485,1498007692953163122,
8156108187928501943,6705453349696703911,1576404542447056068,
3939861827244876382,1275957212393936442,1414339877906089073,
5868014166697718321,3744008376735627806,8260694564135145052,
5818292703405728511,4839364696621345645,796813961311755024,
372120897331757578,8947636666640807724,8856273472741477573,
3746221221265272672,4904600439213166292,7064759107538370399,
7806481619146459845,6371981178202736020,1784693086483057676,
408728820670615814,1884357314270444827,5465230613347002757,
1491405649549167612,8825781138612108155,1520010205020727719,
7751896026227961048,7058833333003813210,3647893837344849801,
2430878222959114360,1714663220358123295,5128857223041248969,
9170461880727534456,1626971284380437705,7992708352416870382,
2509715572465095545,665474324548889781,1602798860444321830,
6454366626961208241,2174459049825502686,4220374362247235907,
1158603205663849173,566262715071229079,5920937843434932724,
2935988859881254678,6196828002728489279,956556557729854216,
5116855489115521343,7898417658698028077,3380092919830746757,
9120357435850563783,651046695554571621,2075922841630491499,
2903753902524321393,8781015116308640303,6361238430819637137,
6450501976642857443,3229508455738347848,8679359089643453284,
5013783034675425101,9051731593586449161,1066362679656766506,
2924323884921574620,7144654303038969087,7902684132696619599,
3900435247573644218,5533258832195589091,1834743036601729485,
3070827581538027521,682269904981264902,1054158965513610290,
2682697760177264802,3334724201735524974,3036018691747941954,
2423058444187298966,4054931059199045388,5527390702790178721,
7988332923261553956,7155892781782220333,7273634236880755585,
5582922500034005286,993239239562009270,5362482857557609668,
7939633616793769366,4069947796802916043,6139258838973030472,
3227528251170142433,1666838711957470451,7730864313712198453,
423805958635926958,798337849588921307,1739972582421113418,
4068313269735256480,5466339432212954664,7246200433945912645,
9160190763401302356,5830642990323867352,6667901689500876676,
1322435893968365177,4660737768069430798,7007041481214906838,
2183505411632390144,5115339426299390726,7919765119117623173,
4137536078282331631,2286313943594341139,5202166803452046122,
2749279598031807591,5187049404305753456,5534776204981871123,
3063068284732350573,5929123247760968758,8011964911495472988,
8629709094886937394,2825663324051829274,6203225858293244066,
7692558200903805532,8126077377758404949,2576045320522696852,
4001546290148469317,1774564979242503167,4459334072813187191,
944563909842988082,5739648469269970515,8965177948655630264,
2652702155991860099,1190641557975967177,4680180220502495803,
6290623233523677254,4265320211240112266,6235562134325167121,
7421716567789235254,4094772854310951430,5103956522273191546,
8222802296667497152,3003298467759614861,5130762954732608820,
186769771732973798,1972323809254415148,8916113551359154262,
634598396799313227,1540573764269263314,328915829018264899,
4330556765583928380,1994784192397264163,2084104582335087674,
4336225612021943653,4091738024986205762,7569919579161057826,
1028400418980675662,7727473917686001371,5730607862741781077,
3065653369091734699,4865595826697617922,3879460825850831540,
7226296689482716778,7465564898019334699,5852136956946199881,
4559064398258435865,2944424498571099698,6946201976976381652,
593531027973599326,7134773816664405293,7433513415940813824,
1788614675405661945,8264656875949530320,8168857300627977614,
8154508458822044886,3442237858717490984,5449879537000618170,
3703438437936287409,7509301146344282256,1982142995468360470,
2988378038731786231,860548731514099349,4010199592190186627,
6192343854640573614,4340634739622532217,4668678500036071231,
1709053399886635551,484615110221796243,8032905282584317082,
1594127296130198564,8825409500080143315,3057820808447228777,
4805639403403058713,2584705621241001596,3264267379830879569,
7133397568465779635,6990163638952006958,4055674864546019737,
2197335831677154360,4030099619344632943,2272412183863626093,
8772876812925778223,7728954506080924855,1077928026017692920,
2368976453187329684,7802198944467831807,3355998471331020847,
6353523024456508746,2197614352806265704,3684089502339597479,
8341026789300676755,8949591794944336178,7405361450861591901,
6393745479714479575,2351796987075828423,533991969759265951,
5119913013136267263,5853709507393253154,4755890980495854372,
5513722008224329323,8511451861589940622,8753917166098216007,
8641912501938721841,1617138334889925915,6234471491831939110,
4458708476166196064,396383073550673844,382715693249959964,
8255627575966983625,2367929967425664616,1269909554800504319,
4027526915276934119,5396839519881522159,5307112212412311766,
1449101840699865262,3075340188190609664,2549834368281740469,
2871305527407310038,1102422264522678379,8767814559977581949,
518149497839172575,8798548667352077443,6604280540955493569,
2727839331595714871,3406393804743835857,5675844040867960089,
8576472455543089690,4669351650747050774,7292901623614281854,
4849789922272177488,3117537636053585322,4594457461721339580,
4092740227314268444,2239720807136035204,7946199380467046835,
1544385444548671813,6140287180574344012,2860331834434008742,
3318037655917089067,6811248602866462871,5148511392420687256,
6017396559229320987,7159534165941944882,8719584744664580848,
8267918038051551779,2445400129001993826,4801645834841872267,
9177226188630941306,344762286683605859,3579059694794207429,
1028950754621229920,3987246445521183613,6972571903758926477,
6113940214776813825,3705492801847515678,7724084438638901875,
8464746531556896121,1996936911444451132,4285127007174634761,
8988606797026429705,3118893839561402279,6081364785440067524,
2860775124038263475,5893897598483415880,908578836508778700,
7973562878807107768,9011049465507354301,1250550420764053411,
7674155327897967971,8749948143371178206,6922933904893010266,
7393942365889309049,22482631160502555,5764742961868255754,
5625485927787381677,7340246878361285090,4558856143069249601,
6691667307575192347,4321527422651540655,2508381359275885948,
3181088522954027452,6870900462395793791,838843148877511554,
7740774779075801187,1452213818676569472,8110638756751048913,
3396351584300389039,2269139023723504499,8697449191169441723,
7321031074386835851,6890426883915556093,7217606379710484373,
6613711250152306644,775859936468447493,9150737076039538231,
2290694453715851414,1755112409974391950,5387945252051690137,
2101224425477271089,7142864488673565103,8334096542538950044,
8069737101296981061,3501606075349159328,2181836554756795302,
2810844282418736062,2680352947966071158,879370030461219376,
5709940214553509277,1325606691752359972,4254326349021463282,
2890874018296361225,2063698311846888498,9198197683322096194,
4268107765445095915,3538306729542301790,4640617060336788239,
6026696776071616260,3820678180909298466,4379192585744186071,
5374442339577232436,8251954344500135331,6892276647669069751,
5083369123715400654,4587208713970970345,8283595131608759140,
335088079805540949,7692880528723283829,4878754687323004352,
2241820328510122415,8053111067509572321,229231120599174188,
1308539724159468590,392170785071525770,3281424048166762106,
6208119462248151486,6324123811026194770,737776636697866359,
7740858269271779404,1111536721155035255,5342838180093039011,
7558224844256528081,6836591534525202042,8096607644984103816,
5864275483968124410,3616514964809311491,1187874168721347113,
4354178922599235645,485392869565588454,4822283542695962054,
5682067900184217787,7867274696754315248,1192433852694682239,
426446701694301861,5252199732548717742,3575539878012034648,
6426799765418854361,7203078563769479179,7972084367036989680,
352528571428418388,7666086452933130886,3738275919435546647,
2770850464197020688,5132824499857257305,2010681837683144677,
6019583790621259208,8494737724793627043,3317294743926808142,
4325148397046807748,3331115474487435990,3557791972901984984,
8644638294272304350,3408035723479136683,598298995053525790,
5702305364912216754,184458155453912241,5563485454985925958,
584546973501094089,8256891899027368750,3966423980335935075,
896247662269898209,8116235541945784052,8642145590725991651,
5705598595513051667,5461385367766829313,4349729203103889628,
7083607336035816236,6397054902405382798,6682971618335362530,
6141972583876204066,5346919845220662546,2077419027260193432,
6986540304462983671,1256873036797291844,5946544684686864833,
5053537875686665452,7576291160160554106,2222536120471348342,
5273674517772046273,6916820523305333581,1033438882011925419,
2019220592498834977,1178050638130973202,5916972840813015331,
4071493885852910733,2250338508204458889,7817544527529548657,
7977323268386358241,7219908791838613201,8487240078419504855,
8974822215199513161,3307740425087510727,4099679506427563764,
3050393685712077849,241687049093810873,2551168660928147567,
3651453996912702061,7896924694306403394,7185094797459912814,
221268696815329958,2435758460923493244,4583091776286409327,
7126248393479370705,8552230762103360631,6812146172939308723,
95615180916542254,1670211185015005714,2605591763860561212,
769614262927930658,7795702141059312106,654254198272710654,
9046792690434207400,1198774378811630182,4767749270542510004,
2107411564826948593,2991760162618600935,950262572060646381,
4759219460031222606,7738868703785713096,5606296804254180274,
889709304890181983,8844660699018585377,753109339102258312,
4557933047905879620,5126783563913946377,3190441643263019832,
2515087455112261192,4738555956502610201,7204630493997853949,
2553905568680588640,864520103597441491,7114520022406846720,
7523761339908069362,4455975859102873888,7703923826208958343,
4881930190262075579,407772536017598305,486041981250543506,
3400922411609987803,5301210180549875961,6587572960452404815,
2882449804264230185,304516924127913275,6906128561961769026,
222402224724826424,6614377133750183911,4055673876699676047,
6905587396112274673,704033094092125780,991425268058526367,
4476947630820495015,8175500176445840345,2636267764395127219,
8145439425941561338,8192127670527844105,3352366424466736220,
2651618170723991738,8895288418988777761,865896225094027706,
3785861506460517807,9185601570841321692,7148082250111178698,
3886445152904882771,4955065351368449902,5305799669565402260,
6242342501174135088,3745493202132377304,2019721445627538572,
6161245743068364767,8140065490291994457,5271388937686617102,
630806786980618047,1964976607583452844,2981443101847419044,
6095490485641912990,4829908092965375583,8249830036772789707,
5076153464522560931,4258849297995765449,2701749126390346583,
9063292949907143888,4908447991199803047,9220046398451400111,
5684828617181042245,6571046566001201572,2408053577919489003,
6538854835511781335,4326660590082261562,7778057186718211352,
3570062970118598342,194540695060617567,6620234841376676756,
76575883608789903,1022093481786913635,4020386197114223996,
8820912359665316075,7347549886793311171,5661955451706005297,
400419789522159028,5478443406087770558,3904002334950854617,
4768845131441423160,8157931183193585249,7467668929126730060,
4017116335521893506,8092316530661713383,5564725487763724971,
5646229086091168320,3261128747182832141,8239840865825499498,
8792475295688820659,4340254064444014665,8461545892223353682,
1620861199193068477,2177563298978305143,2171951124855528955,
8697300842418524103,365401779103582038,167783689278257617,
7334552910561251370,8323144487695559662,696999005352257191,
1359959510065500278,7923094418994955080,4772852446099239662,
2837425563221505870,3454538843513111488,7995348356737979569,
5379935924893940691,5451454703092990170,6131256091730926822,
4047845881623271614,7500646096244035025,3635963964945633115,
2869580075526189965,3611796875379773166,7045823334379953113,
2790555524843095422,2760657464041653952,3888165010569217091,
5529253366528437335,6598306851578283312,5059573077826198875,
2152218907024970952,1780131166970488534,6406756773276055131,
5623933724827524771,361521331833700406,3104541269709268147,
155282968394410745,4205377357947834890,1799423559101462469,
6410455525538443451,5722621002645874424,2825195853687074651,
830673936641543830,896785658421124548,5223955683010327499,
9192850496833522797,5264392685609195487,863823467913386744,
3672262872768248707,679059657768284052,9073688355483348602,
5172401189222889319,19522178075468538,6753834558904351659,
5037136512517684642,1921498631685071442,5867784737236904267,
6667383914134807261,5538432986659604927,326275747387441858,
8325270315847277748,6973907338871104973,4753890591649848504,
3519226741555157617,2249237141135925687,3223483192192028767,
6666972778929031233,1343920046552022351,6931331940997033521,
5327469464246943403,2570079825975155119,3534411344317709924,
7660456141092487729,3089716343947953825,8082480422210402241,
6358378849731246178,8194723174518662109,3309626805727986107,
1570339090734485216,6807530609075293111,1493313240968644062,
7252273870033930974,6537893837113702379,8199581868842780345,
917669589123871119,3750847644996584315,4479103588285695646,
2476445261945292168,5442191927774604395,5918184533138202294,
3301970541295956026,7292642500780863305,4451550290303139040,
852004947272024436,2140135695103308960,3772653721671214104,
4042222796093373350,9126197965688128275,2379115886300963804,
2715813934455063362,1987801587631838235,7612568077664562338,
4681165876404310082,5774498850753991518,7004745064884585798,
173397817618800670,3068588705109734372,1727596332324071942,
9042969838901146998,3413701640737993710,5381361505279973407,
3300952773945504072,6231558833330003277,4951350948183990250,
5137532837525381364,7937279488762056315,8020571539944942997,
8970140852179039589,7133102004839747587,7871651818133368256,
5069192652506473625,4463001737980637997,5631949719948085720,
6683835296688651609,946803653858070037,734112351682904614,
7471060377424032377,3126942193092195230,6596165853542713430,
5407696483776872121,2476949027073217597,8488181839583786474,
5959489637923985451,6994740477091849466,7284809012419791135,
2564503794143605676,6340618444069956328,1546676986072035948,
8855860945960852173,1804075793539749495,4792879192464660890,
4508128139515236270,248292481240263650,3903881482688164403,
181028629975036373,7479230276857456581,8432403752919041124,
900748775545020724,805428148933246313,8294474077232748256,
7427453174043959911,8697565005415779118,2502085795200028665,
9052932574221283242,3409187101342565217,1742866592102074025,
2961433612728123670,3300474705707466892,3098744344697800958,
151987057723495560,7417828067424160497,1189882224113976836,
3493906654916862303,5291676138330528809,8263804622253955221,
9116367741365038243,5476942626972578871,5244181327942075010,
2448234897967221754,2057397881554042516,8071339407393899918,
61532313091744160,3024474575493436669,5987956491910219275,
6305128419193443741,6645707292576025995,6930439297270953810,
253062458372750318,8265599691532400821,4932394827538376597,
8567217436965993933,372589574587045144,5871805888186000179,
4915523687598177853,4443822707660078644,829630328519227772,
8510655539324855245,7294557904776423112,6754527292595357235,
2083609256850924640,1249694570019300454,6699582471501467621,
3592780599186812895,6790108897270414444,3500803864660868738,
8182209993885932434,3015020458633262244,5696838807930468678,
8955751375528508378,2534958486829028155,2502407983432515210,
5729255760943782485,5469341630395986194,2081695250872698764,
3138067436727071337,7237666755801432091,7341523493666173001,
1724087345344306471,546579365569795010,7587692751662585439,
1012421577020327933,3561761343522735128,1677828201882302581,
4416812010051706793,6699995386978145938,4140922913766707326,
2337197663944492382,6959706757768924158,1663402458386005638,
507499195693906664,4284621098849641935,1723430519867902431,
8454459866388211161,4662214003497974296,69000158718659278,
3279337811178505474,1688201492585360948,8836038043835943428,
3066017523613891657,834110701316116900,4894818149060149387,
67893745043805051,6283822559989870303,8033668771843435480,
6040265221413517535,162803975187069150,360255471169006407,
488771905358833101,8825753835398165384,9030424720766627415,
8457045990133748213,2050494985251083709,5098365973395373963,
4506998180737529397,8132940049387738705,5706519371385006028,
1661415173536498023,3611868756233720974,1663269689689913246,
7410933527012782481,7186967612393107273,4075459098929049173,
1829221929026889206,7174174147540283568,3554728554015549292,
566850984011381033,9022099355793626920,3455477705563123582,
6784129010231143558,1711750832440185951,6481230788301953938,
2792179389612710883,7046113817039791312,1445154572067309156,
1530710913099426438,728200445652016012,807905824330182615,
8586416718136598931,7025773130958844946,6843688246280792827,
6381257134827333902,8357019667269073088,2651311800917956542,
6112054650183318015,706630998979057361,5833600890040860540,
7068278396037498511,1341180484499405624,7813840123068080789,
5393544614236887076,6488967703945470153,7201186500865035530,
8038721539319231874,8742540223509951791,5141446609576918173,
8925520062615531035,2292612514159070522,6736123822586729357,
8714496792679012678,6176600912534599513,6751313368875984217,
3063884756915363579,9005357776196378818,2386433368829416995,
1091231928256237660,3928025542549264066,6685886005568408225,
7754843764012566538,2824471504618086892,9118665287276178372,
3795383254287878526,3256014978047820838,4410754684449058817,
8759934775982863542,5777056855238606229,2752197631706356733,
1557933473683631073,8656124703120401727,4165796852488818956,
4677844539427505137,2496409093236089005,4469539017319344370,
7595106583569421229,8338204544509093175,7674204060935101065,
494676501326778397,2706446498964055683,8112833240223653454,
4082158758731737667,8389215611137898368,1088451800078768098,
8791176780259991551,1152283364190341278,3582520951615636261,
2678692814203189509,7324192217046567102,55807118609781174,
5208543832638885462,5683321749925876151,3109689463141864995,
1918616141151475081,3849414871566787368,1291466898208260716,
7058801932375036177,6666066032622657726,1392276256804706992,
54963315295437132,150429425903732462,7229679086101030427,
4964785353514504645,5396888156281504531,1008217794757204255,
6003842566508926307,7355481182679877313,6814293944164809036,
7432997298438608167,4099919737773396863,1151713378997515795,
649073146064225400,1999690294755911313,6064504698641449446,
5331518770964334936,4610979088740188493,954890814717734049,
4816499489751851556,5546561632770719816,1753723358428155249,
5725443125030419473,7023856938833710643,3882022006476182015,
4508341641027512753,7105395476856831897,8497654923093759747,
3548256008677243335,3640990584558210445,941692867589509863,
4558836729741104041,7048143510562331949,5782277006834864739,
7410416868342579846,5280617494866654276,5376234952124771120,
7803652332728430992,7660944008336747499,6570203578733837100,
2826050845435007008,8601402138863874157,6036914536810336791,
7451008428091894745,7519053796812004358,1614511357255601127,
4166591652182048224,624691998785656034,5060734033504177099,
1069023327818958358,1612446580155423539,8308226932012095939,
8961578767009701793,812620187861003183,4400052919804270760,
8067595944346999368,2220390709339621032,7030402732978392809,
8430587560908776970,5951563021422607932,88761754240481801,
7109284406720316954,3597532734955335701,7388950063199714689,
5525002874165693076,9619228934046054,6813790350836247727,
1481447814805892891,387370996454380179,8108144335211095014,
4260413335784326576,5236138650232765769,2309956471719248933,
1770987940387126117,238457942605633750,5198750354052280242,
1992603053440267643,5550437119333962483,8721527134045259804,
4623414330443884674,1099696373404461501,6742928269264079198,
96216794372302229,1892829866201171485,2223550887775412755,
3502966217357398736,165261940901956785,7377179727985003938,
1897583902500151464,4110918887117476640,3472586536366066905,
1752888248161635679,3190907569580997831,1362778344639706076,
5941756309989981369,3535714300760101534,6353306389753337529,
5030664126093790496,6527668083409566165,5966431648647170279,
8859050332436044752,4123605080447343817,1338861382063052538,
5555027851747378196,7567204313833511770,2478730549971802335,
4584895272323665013,3540887102304124925,838176174353672125,
1318663907932036604,5049667762148535638,5716141480105901548,
1484796875905082701,4370333571143871473,6830422827099810967,
6723829426296722855,4049186625335801418,4043481834175828138,
3076609744689132699,7326368004453371284,6771302297906378530,
912315101162322622,6392768046559738894,3793645516604723417,
862282773363425422,2197893185321732920,8892933910850963190,
8796067437855804313,5041499722443228033,3581179220052342,
1376116293217235297,8496882549660032698,7672393214032544690,
4854825514106545985,4633219654596645968,2387049314647128681,
5463749208905099703,5365677131724711461,3622903790169981316,
7951621063454886767,3017635236365234056,7591518274675757907,
2984877356103792315,1055801081818179854,2825675882585346446,
1125770414437166553,651996986557281798,8130063009188969051,
5234402194602373810,4821053798552590182,329864977555203678,
192065661078904610,2082828941991591144,2016270799564344606,
7504266387736829741,5247219700628705653,7343258263515312937,
5943641114371290948,3931846573009064796,6573683061320298608,
4960109876769752639,3119214047806217341,3021577759040356347,
5472626597447406935,6632702615437469515,1777088185765915372,
3261602799610733016,2261514108380442215,610215842913441724,
4471775879400093212,6558732631828510523,3677083182819438432,
3368661954932435007,8440199668759180250,2715080752751276188,
343902916199372089,2352775582023777370,5057272482476345616,
6906731940655995334,8520594918521439375,4500047827007732896,
6912606407310458085,4821649596599874695,8833548544347771567,
361106389124525473,3129902781469236896,7536688730955192813,
6057786806631243717,5347011547426245699,6350742363701010412,
6964286993241192139,5320412721613415136,2515646123021975270,
6429036610319666791,4152832784424956341,5579601833074720409,
7894787220305298428,4607278330720224072,5242342477743167075,
3129548443133238940,7545362395516542446,519752263499390453,
5180932253869534793,5441243962505794397,2570930415364381901,
7205205620286650723,1518962954751892317,6826314208799457460,
4694691687586504523,4186138137720056095,2802635433921982207,
3680586859051352139,6442806816834790594,1593792506414353817,
114335646521876150,6227516591861461179,6412210904868793228,
3386142020538837488,8313608255034319980,1595959093965209373,
1421734983682235783,1833731194181839215,5939003862985055642,
8459521775737679195,6764186503536418116,3469479929266991901,
5415748037070821807,2951648410575884931,4360815368825896185,
275565965303493909,8544171797814332814,6021801460565552199,
6327965869728163788,708683181038361306,7697556520866128195,
8062360622866889062,1610794112939165745,3638441580212791975,
4791288276665583189,2606644434399334600,542389060966786546,
3947839506812254468,6823916467351662091,8518558688033093972,
5043607271142603751,7896181372145149037,7351868476129008495,
1803451193329070264,4660260861624601884,615984000121387019,
4119200677329268553,7140500241659305384,3955749104439132254,
5816109099127856869,3669196711534471654,7128002149305729548,
3962751758190350986,6962533873072480540,4450055882796855749,
4896435388816794375,6427825487079865071,4648449509311707483,
5793161802227202141,7664981864626520434,2341578517664730897,
8660358758578983805,7110189767894325648,273331933617268944,
3026325874703758745,5219312416498847537,4839832224968394063,
8201636688022323532,7771365837709762163,7275943843107256938,
3115591520774205418,6947574948102136721,427072972653797159,
4211827275162385787,4519308736905231841,3278772078019941961,
5189329278504810196,1350972528561320442,2507949142140648749,
56893968632046236,2076612388443292649,8281619142567442415,
3795290025215438352,574160699061092353,5163255830179911358,
7686250701067126012,2284237924373265544,3017937008390795395,
8917292210961605052,7692023284256181044,4678156870671475297,
4816277606578106473,2100034100697996551,7984431241590267092,
7292142309079711572,5458676540620453654,7855474633807143987,
5968513150415444949,685948335526361473,7235598364472123424,
967979553285154445,6707034253887837519,9173447985605132045,
5361932418837436938,6455609638310474280,6627542746090580257,
390800272824178073,389130269187827730,4308250518683067373,
9141324122307006958,3513863764557537945,5641300194546870652,
3485700286773419526,1025143285573742817,7754994139995980774,
2278786945298859049,4479741492209642324,7590496416352939441,
2621594307690689751,3180762885849306198,7497892025735118364,
5338615615864432914,6217963570107362870,5639768223109622523,
4264560789330939409,5155633380157724196,5395104378516265718,
5730607008039944580,8850660235610127488,562649228980753971,
3011738373516174616,3561025312096987209,3870298604700265201,
2067432553562919907,9412588658882518,1777246821003759677,
5499401234139509700,4636966162787275545,8619031476642776403,
1185509913117119188,5829185410158783639,8073318922617165206,
1690402525908722564,7980239650639511375,8912566691209568537,
4926742911927695350,6730241551946151455,3070519248924257254,
737606817321417842,8717039975173487936,2505984779621298845,
8736667786235486112,1621939248792906492,5677254670414330262,
570850000759910539,216669423826017025,7015082561190129763,
5536094163803734512,1225246818274745411,1570100989700767205,
8988562558690168805,4601847198767357540,5192611617025959901,
33039195277720491,2787205886068535354,1013427363512632973,
8785299380131386451,6324115405742305199,6092392393348813779,
3100324827980492472,5370420351106236439,3553528389427694781,
1492748139172743690,1087863367929220230,7493856452229404578,
5733321221096385401,4868862737635869651,8570097556668365438,
2232864893664179114,3975851983692763260,5854809366922366203,
2958212383240791449,8164464562686726098,2567545272103742788,
7378351876391554580,1822483105411649102,3048692942874502335,
6494255140762686261,8544237901914662087,1392566241246389243,
6335683760739604169,4461279610417213646,6391171250927424186,
8978731486107710026,7289399422709399123,8091337800421773596,
5887171898192110897,5817211286538353744,180978872584203118,
4173250389376203334,6731948370038749067,4149728434340019059,
4248453712030228409,7227312929966328520,2107967544076614193,
8337513571761569829,301441928111836351,8067955561218459911,
4960179528526950990,4487135283720653516,2368465274916842477,
6847955454721665962,5845888775134966894,5238673444623287868,
4626987596155735643,799478541531901577,430967339967156614,
3444615063698789454,8440172460034887745,22890180054552578,
8585489529853378791,5968509336469561485,2479378875674666538,
6774651487855091430,2518718198448862154,6639781155115320507,
408904225673898687,1914497144022028270,7968340828827875732,
9193261657809203443,7514865332609675625,1193828006682033304,
7345106655021397282,1468776866522107717,2144302108857252891,
2674787383010780726,8828434418729079715,5593902270409812327,
1496069905647958935,5784312339671532615,8784028953898590963,
6487870618976087642,3927679414075387399,2085188073679784190,
1281263358161905218,2560058633773876589,210815815761858898,
2579601726274443090,3174105095699137395,821677113181300374,
5752041708176639812,6268905893368115901,5858104598985793114,
8486385769574044875,1481999511956407800,3080250362194186458,
1314520354230989295,9154437554885535957,6821353987493612054,
1299039608019551035,2225094099186058435,8054483544712155545,
5407475998620444160,5945931951517262191,6060844680693202436,
4123068746454965339,3356064699985889107,285408904927029277,
5431819079454908637,4550478742216340805,6959825582799117756,
666490277268566622,7193050755145198382,8631198616848795118,
2676686566998867149,3584610308909835318,1761913697690925630,
9164589570155091411,5620784560878456787,5894641502615024598,
7125117902123635060,4347936227630185836,566318747433836817,
9146315905303524855,7930858358678447371,1300105331015013440,
981859473021705736,5372840415733898746,2998245322325217403,
9221236222865035054,5770479026954983433,5027630980402813204,
7340570868339611248,436456913768712667,5420255725966606015,
5796501053582700699,7660605825583461382,5150721045777143593,
6262934866881049504,7412126763791278853,8029776388812731611,
5851575905320308638,6933157375813087331,254210821157338546,
6042638868000495074,3952868561680818199,6490187380646104593,
642756205852487486,4273880151064882209,5464247875886894871,
8913125359119282615,6331938906117854247,4151149028249508192,
6096215515465872670,2639160406123659425,1517874017367353197,
224565917456396558,321123147301155332,4162292403159766709,
1315076745799128783,509970527399322835,5265740273378901826,
6185090564944523861,299296948626002988,6153726823637980420,
5513965396383478127,8358145554401850317,6777125684314904302,
7772844828370599331,3249925826612969632,8881324210189205095,
4925004506374520629,2617520601168609075,7908209758594736234,
8027655667397111992,2367637152589458488,3850199086271686388,
6227420092158634975,2805651073257755671,8785488730948051765,
1557870114078143617,4547567286309953812,4103574741327712025,
8253715979474839532,6281672499537843091,500530678476338576,
6329179582843379617,3139515585107064862,7151350711538691610,
2347004233642643546,369917780941106007,2463224265784887637,
4585003720672265763,6576765678785674710,61854793383149709,
4400201034478563171,5009292504241132378,8145528937705251961,
838069826252297742,7867853138770839538,4676740956147174787,
2310370991372498125,3603089482308262674,8229030040796884418,
7692926429218392590,2520724789251912754,5980027218961165646,
8304255847692688698,810109125405150615,5959600813587491606,
8748233845563773624,5776494111388978404,6375565484171215346,
2402522707845782605,3392687967155463715,2302696443193141573,
6741945271957424676,7678730875395095932,7724004646424236341,
1066210596417162923,3622430764243281058,4758193946676932487,
2372126068109728483,530175736796708272,8200971489474402289,
4750749016937690521,7153346897742744288,4144146475430407476,
3302094762973683448,2380703117003681131,188190655553881479,
8269495914278892772,3271191319408442620,4508026915329896766,
8826310540500144391,5940812216649331821,4943543040748235548,
2851738885508906788,5317753636825436776,1139112778258353658,
5178322441139186049,4078597125984338078,2563897664512052992,
6540968500268519725,5853384553191004277,4594360925511140096,
3363953241453193531,6430534245506495082,177896841384165480,
2265699518849073715,5427059262107326020,2203207212385530701,
8732408794099202016,1367100438682431448,1264623241121622741,
4758262473148295852,1062965207644251327,184848019750909757,
1620627122559454977,3935041766302764631,7409075585609536711,
7525293199675730813,2552920222017629777,7617706927359251514,
1242176574010498252,3239696757181105902,1601398949030789098,
3306435351217956338,2219559952039481448,8614891530728375614,
4745161474548745038,5151666346008326084,936479566492895638,
5771426133226972831,5538166669727813853,7118095807126865694,
8304364197256655079,3611998804057375711,120081368880351020,
6167649064000382217,1143464284352216374,74325191679229401,
66955224445037550,5257133120941371251,4416009685546329069,
7862146852956398414,6131714665036120485,2315990333823742220,
789021936727213216,7194525644096217185,8123088354439117776,
6048990082185374928,7872628497518407265,7349185144008268244,
201160012890675343,1163046783331927900,1739020998628188238,
7702979518119103645,3996092618119030241,8086081512976756091,
1296688428494416289,8342496992424039185,3758527776655274767,
6557067189465277566,4765836553059515028,1022005451792738547,
2391501585363031880,1557663860351549351,7243907472930294064,
4887645961548916583,4182211040480331324,7921137295671319187,
2637793310536157260,3906344177180549441,6069797188507471138,
347791425154415052,7684110123939998224,7990662118910549092,
3913957719405706981,2055385329313056952,3432727808279343190,
2170305417944249283,1691798550361642081,4734024890008353364,
6878458758240434442,6319257439418000826,4653303440498455492,
2977197095595578773,2229404983320274977,1295467622212962760,
2170742237154961251,2159821046067335027,4841636502692756495,
6288431279796709380,5774909350302120302,6886477081242379217,
4435994695403737799,1713159982364524236,3045757649806343692,
2573769406298983078,4846814383055473279,3255775496176705308,
308238603015443409,41353577976369615,7458036140927870835,
2310064164150647555,4266737298295072895,3554860483042241143,
3851314910256710288,6894511293538021445,573248139493727031,
5978936116904638614,1264593197707822256,4644291805785524436,
4572381112434559854,3332835677897982197,3454083901616985316,
5485369413700187608,5076924019030528764,4840225898916290940,
2782370399691026083,3898099725413065363,7839339074319345538,
4824196994621238643,5518679422758055014,7713729717299621233,
1377012016446916859,3597361227650134705,2159702723550281480,
1114123931531550366,5304997053001105532,5368296945325552445,
5783988697586918800,496942260060572223,4382162283782510200,
2342413312249927301,3482706715065967276,8582342251402332024,
2298404684623135690,8612166301037710598,1943256286708924009,
2144557995420141425,8282405305047640550,6895031048891762343,
79262711846589996,9169609427315206972,8769760037451830962,
3970521927748293083,2210787253734684841,278944498583598505,
7116379744080994779,3638724022662389358,2977772050085011427,
2376540869384317110,8129958963199073876,7548457075444763419,
2180505706687638810,4962154761651065587,531029040615888150,
6608022530822846790,2134481739375178788,2058575823894148105,
4611204253281788268,8965789771288603070,4095428176542919420,
776065951823432447,4290793517141298002,7611618424466999861,
2713181165034684083,9207708798916301532,3132613734632743540,
8334281652058805241,1498636991876451035,2185555652358879533,
5782938981997208276,3958944924800511127,5819690463032225640,
5939612168026048091,7615466242742651002,4175123262291674779,
3170453538869573295,4158208047224611049,5227671754796102762,
8952048057698018569,3165142683651527175,273575828584541902,
2162938976892005995,3525484662242852561,4948779474629228531,
4310335235246951543,502134996773301284,3173191786657054504,
379014540091458067,7641579305853415456,7499458855263346441,
8290338772048662354,2758531335241048656,4919440058115096977,
6192509535799847295,6201131018451829125,3630948417802073319,
651297840455010443,7062298047287444957,8087958605714117138,
8185684801382206231,8504724670939151898,7726272217641321633,
362008947821398555,781759262490898408,8594358530291732864,
2997442997819839679,6907898415388545913,3719088131642401277,
5006423652429546689,2737360980638441221,6466190346680818826,
3812472852152008615,7787840168363668840,898688583340364684,
4045446323397200676,7699912495741005536,6395094721053065569,
6489459576262414375,8142999037449123635,4718517377455985208,
5274274812667686627,3615179896918265397,2444509147434761976,
957449379697765797,3225518971707043355,8389526656034138084,
445988108413599530,1811233811898426502,1720999438606015929,
1682912563261160643,343487288440224323,1953436756248161838,
981965322904924171,3055825951540747573,6987365287156988367,
5725091410929708450,1218011318402850284,5179720832128346319,
2371615186193144383,7093879226459186876,8435778596807801243,
2175521104904541129,9133796114690260663,3608811713251194590,
458556612736559948,5225637188614105676,1873203000035675969,
3744404634116471042,6488625404449912906,4446723898554459467,
2419548370576555436,7264910170680957247,3717167116250119305,
5899656199351732000,1868259685934760427,1847324765180743040,
4917882866531196032,6842926657552148411,5185958985151698801,
7786287705557265298,2923771990201790973,3983797139493029783,
6598421072385518494,6128911270929764972,3986106384940866484,
8497332204430728077,8462412589950467170,8046839538164755426,
8173178385349438781,573316859239375031,622478505713411615,
4464930349052314529,3126769418766683849,3177950650518166255,
4751099202024060876,5327289543067884630,269004329109939423,
8428676829855921227,4691873909578388063,1059616584633440023,
4354759147034162680,171350083015543786,3723983462180918103,
1532109501657855446,2352475107083415137,1518647440924701834,
3358726570071066667,5056369178599722259,3439359856442282258,
780424441561446641,6430890718449592229,3621353384660963111,
3875610134230815492,20047748837684898,8115179285095284659,
3346232154223882999,1889571553821093962,656426274813249844,
2559230691835824926,4458913203025950118,504733902391528864,
5466383236755821161,3131665904655924382,2425767992891003929,
3444070942900232237,6048512602360159859,4930525446444980891,
8463274191678934044,2522648768183225796,4127184601803532401,
704812655181757604,48563419613233420,5630866451942562560,
8353510345280547583,6037576533447600843,1645758803277587637,
6008877037352443921,5814881693603320676,7303021031364527332,
7109754902901380545,7642349671382082757,815929537537176655,
4734320608253813120,8015310008324335729,6683690594379237436,
6437895118111857235,3205172822406317973,1649489213867799170,
536490288997284918,4681532260023216497,4215910873032855672,
8655823656947153795,5289348196816891749,2860954295742604679,
5589933136013187848,511281128913417785,589272160391854217,
5795768748055670537,2241950625442855126,3089819956144454597,
1920385011026892381,7939366077939009393,7571497448945914260,
1497551932862556924,1732618459383277534,2080220561638432346,
4071967869561065960,4530576546094922474,5154377093012595784,
159815913944221049,5731350974448814387,6199739361997742359,
5782945952756407445,8439937202280645920,185723814254353399,
4071284215466454126,7676064830585370256,4292922935899726196,
434928520053222337,8715994713482292223,477187755557503753,
636541235005822542,5059678846104719353,3137209741286637737,
2600296608956912013,3847433359175914185,2404503159375582347,
3799937694085623889,6765860918121442240,374084493196436692,
8492535244060622716,1145663268968160859,1584091653454913895,
1291517475941057644,1800712520338162858,7648669137044473235,
4259876499278808047,3656953560847281692,6024306381194137477,
4919009625545746170,8221752808711944087,6202460593058207482,
8572876263206096907,3597933158470758847,1850558428647053446,
3531837289477502302,2190193627449944599,849786987416312897,
3256362038533247856,4802828209605572152,5429664657446533233,
8934320970375916146,853560914785456026,3203361213144091720,
8230213742710672130,4715832439011190435,6712097982163064769,
1125751228743178452,4532272963883506267,842314269129924521,
727030204218407102,2301540609283697772,7404799815117862650,
7840421221334017815,7729397544428617967,5850657180303271864,
5107831888576879329,7176292781593629129,6826707105355231694,
8354231421571648856,3710644912305614462,4523437004757856573,
5256713863920656450,2638413327998798590,803219603682688550,
5594897645860651695,2484499866825455440,1520731238361987962,
5220054362117705287,3823657871228129820,4845116457727469333,
3363604596118632506,1081416377746327123,874640640928506058,
3710155342100149448,8232550811065528065,5671170965019321660,
4921366979110520574,2286987085715352476,2015123774667296058,
3075370338979012724,6195582135214794745,1367610732186193437,
6916028169605559376,4563151380576378914,3596999592136145752,
4144040496697665951,6984903299189496677,1531159268637439064,
309120814225136933,6044950982497712579,2744873369545488552,
1258904622260321448,9145750039000454149,5762207009979526301,
142709561347105157,10526630225503673,7920952815366626675,
8179965306344147926,4331261694882286020,3522452682640050829,
5038526951343786612,7906730173078592396,6031578006177322937,
3225634669988809969,2532104347485495697,3075247949112013636,
4188493378152651823,8705221321387618435,7571146948178220739,
932012787320692505,5400581256344813303,1038445551423344314,
3962437103359981103,1521692938989959354,2906848831561620340,
2055429370080049114,1481796651267254904,4991244704013574386,
2418662686872223041,7878779492429357568,2994935929699202901,
2129840072745285598,4074088674728867183,2513716889177603803,
8647183478229371606,2473157279815031121,6982970208449400716,
7497376616905289702,2084987888765727463,1725071764290699086,
7460292622496002181,7537968485893460017,8665056758220371943,
8970998341460236245,2700375077223581661,3249253008763249667,
8211805427959976068,8490613904397032563,823652468712453502,
3396619649290710034,419937485781724490,1220373881783341627,
4207576875141808147,6174760090937988301,5865886616257374932,
3919258255924437239,5153218645605333712,8149194012997288658,
4719964095606272434,8513300886606188564,2603528408400121717,
518945072777024030,2071472233073436161,2901435242471330916,
1131867490117687794,2519905113010758910,1730672419266111028,
3832082828292510679,4354139550479963444,2266389961166051936,
9218573025629769667,4272187568697102395,4825617910654535501,
4016030344496449044,2624631714005897219,1583088190541579,
2866400786558623539,3555128986120940644,3918597668041958971,
1844645809648803746,8935523759199057590,6677367183773939948,
4124407931088265754,2221187834766733670,4777967022691262329,
5941997842715997677,5002728690490637671,3114231967178788121,
1675365619059504221,898608421757066292,5035789846022076801,
1665487885769750450,3341461013150704418,786096337438175044,
5801453421510105365,1726377946266152049,511974100976032673,
4298599517604110972,5518312246714573191,6187184545789118202,
3029478835418773781,2263245910395566978,3121940407077701446,
5082673508090061965,4663712383864552862,4280499909130818947,
3946880232850301271,349974453904416892,3079860506487157148,
4335408124075198692,619654800627233015,1745269921324187397,
6610847739153461440,1206164416506535352,9100884025172084354,
2918091946740219179,2633810178786341104,8637610920740072397,
2055116177691757898,2708051455066166091,2904272408037688318,
7085515953956493303,1047351557444729835,8886202785994736118,
8883209738275344434,758870239934553184,643197753840696857,
5330163310488767798,873913472202463084,3066267167417394885,
5253773807715127580,611055443585849385,175511783024426270,
8740423028276280735,2470454014673068847,4414531588242185325,
2251561092609331060,6794524007783858487,6218847623865236581,
173069487559046835,8545292316216981293,6253183204259671092,
1541776621812150406,7117529335231036465,7368419553853851679,
3934787451704057795,1731983723010115223,7212487291237653100,
3128318376866059343,7287930349166855782,318383177225048820,
6856662744713557982,3215471212881604123,9112965394545566159,
2166748548334219921,3940685512853681972,2986637313887195890,
2658350405833617840,5836067074207820861,8068761154206740018,
1541024653847896710,38721407706264300,8071726671078031472,
1043315455655971380,2037146217608599031,7785830270422858930,
8297563564525188702,9075972939132465877,2109682048043255719,
9144672899937245970,1211153480778116050,1864886895048401542,
7747016174812151434,2699916460968546968,6892319610395052060,
3951381264520725829,6881438019060855496,5366822097176874216,
6994084102588776241,6077145032278548436,1106708491153159598,
7987076275337760892,6092607174766352956,1670445373318205892,
2704772634136996743,479942508968892791,5743981128973589267,
457849600363903,551131986441781157,5190112930566791723,
6066053880079998296,1820695376261035529,2810166072216483185,
5260178737118700008,5850830319702432000,4144630286062190367,
4249894458005128818,1241645393999043374,3830466593562145793,
675413798235124177,7052427757205141685,892266156171556634,
4313199459213157845,7775862591576020133,4476703083015638401,
6129975413371077473,8229588854736057998,6307691326402403622,
7692951662249997715,533137379592338820,2009596606869886446,
2126548263784188778,3768631625825615532,2004488829237698828,
8643418007683927284,7868760630256963320,3591448406787632164,
5302411064547576129,686258405461209808,217324361656916201,
5943968196738171266,6332284879972303206,1969344662251064419,
4429886873672990852,8076687727758276507,4440269205317586034,
8407719768458852875,8988083524080708450,5195253500402605746,
6870302422366807512,4669340629817842476,2441736514004552149,
6240009255355130823,3423168049842670921,702462087691865940,
6748742896052518497,296392308859387456,995965959612158027,
8380934029232843855,1528181762318015681,1944974084928372536,
965475087924884085,8654356576277234246,7049059383709924331,
6484957406421202522,2925738169499416446,6653231889975394508,
3545776179345787783,983570145862527386,6354244635473122438,
5386860987609855081,7193334928473389274,18549437190851980,
4665284423208497878,7321246201550586915,1953455731487928892,
3899159602935163585,6391783086445349301,9056344024259553230,
3710077890651820049,8039472562386982910,7166934657628156754,
5221686552714012818,8586619351191594368,5377619326433319654,
2304421753339786247,7842950668469331679,7214590600787719157,
1738862500829835229,3579513698236315500,2484226179700943618,
6751952185484044378,7652899653436154441,1090283900710149764,
8128241877946986447,3007590355179143834,293556893499043622,
1963112762724565905,1703613080962772702,6344032726650250649,
3607514531414921059,5214210943903323123,6477322930443526960,
7063679249750225021,5423675145347887524,1804199596456518470,
2867757692296332932,9106402517101605906,2788996937389361002,
2316287469413955966,5171665686080186069,3864340695094649366,
918181046568325021,2961561757873820778,8478909628185326408,
4755345231898322118,5756960910236801112,2780715892357319364,
5959435525419271754,4738769939053106220,2368640082917335033,
2411692591247988696,4534719474875791201,376492241957192051,
2466500668638006996,1901400131167725040,3452257489692039669,
8479739107727686945,2317382522855857758,6440253420868118402,
798053796520285299,7429348410941655677,4530778915008403981,
1805446537716238754,8635554387861872113,3404565391356298212,
3506478543687295885,5494289760673493046,3032362412583348201,
1450863005373801780,7360901323768424268,1282041355877323550,
7609776060971095672,6876799401869675436,1772952919236686397,
1932808748615677081,5702727899005802144,5313203979492481699,
5273237548236890700,879517683424712310,439251808101528343,
4820412334086822117,4357964759959296393,2027530409629382612,
6859996696058673438,281470271360003848,2936119719456904882,
2360533117885972088,451506780732453408,1890460407223694371,
8711424850396632987,2942267841023490278,8248661487562917379,
7142253911585982167,3321191808490184281,7876270843754570886,
2699036966336306996,3318341895411009175,3221151660071681599,
5362650469312229243,6580797794829185581,6292323808856872751,
3331441060052348008,6818881000071832581,5292825274212255577,
3580761073289430187,3638965198904725117,5204456420822532113,
4361317201210975264,1585481271939052192,5797729771224871954,
5203211773084322831,7313712024189185065,3078988465799819528,
595464750076358428,294312501462333015,7884498442004434792,
4200301627339523402,6258937218084965208,6630363384558109315,
7398609682164265355,3021447749871558537,8960276317375434337,
7605121333294545259,8833155911933511263,1377051173816983910,
6893623747958071995,380994244294023887,3047561197383408614,
932446617222468785,792977073770646018,8335751122887386514,
8077777979407951145,5162398489075674660,401100413505477791,
6545630585252838577,6887532006647806680,1925114643226199114,
6660454247195934455,3718072108055495141,232193311005286273,
855083261163329332,7238305692669047136,8148709940371475484,
3978232540909162526,6364130872831400149,4396145388364635610,
1800563394195122595,6509194212169022367,3642162166026859491,
4931306431321834455,1670506201030573034,4442239677451814051,
1577117627920225305,3539456917695133793,1764095910393947900,
6498375190163238307,6516786215048903362,2745180527481115053,
8848214602942100022,707927435635580617,2894582752101804917,
5503931171052947448,4244575347827636732,8280909274037366325,
1626375576527819355,6519941806441673081,4411188724805056144,
1981050742356093834,1879738935044358103,82559730623403755,
3215635770902526465,6703958205600655360,8243800712319009644,
4150628761792659037,1359773547991292231,4942552312470195626,
5220014474600340726,7591972716206244484,383078054616262324,
6899609720989816832,5758361418653124161,2536255138234756561,
706144542637067022,3684917951085773296,7849179561506958093,
5255930619882164708,6091098233033865113,2518693420685571947,
7380890587807578615,8013150868275914775,7720133789853856708,
7836197613424274689,5074974091952749043,8986773925445393146,
1606662445606615084,7420944838603123655,4345195334132497179,
6282450860179409722,1120286248020596177,7717101601944334385,
2560095770353931583,3967071653201215622,9115873489626900959,
4494954323755203194,3491577686902024626,5076683278729071055,
9197988468203954505,1857154931521556086,6433513358149972987,
5949523406486789365,6337390001156831523,7776221269993445766,
6631376390918691498,1523910538067006241,5198515704038280587,
2995114364813762036,9090497828041796472,7845847431235102309,
6522768938925165875,2827357940094590263,836625098827133852,
1398514598807360006,598171852786608328,7135430362966842638,
1579097765916185528,1577019981456643600,8044027904131389903,
4215321465921916423,6596714771838513698,4275606287995975115,
3203830631284145458,2079223605633443074,539476282205295829,
2277778543161235282,1134749400828430250,6774007452841346124,
6216132740791275692,5569992012303343572,5544854814678122204,
7927684558700564579,2214596232469092553,8513583986188353706,
637122374272363516,4907495857648912683,8425892797537902038,
3967618179190870519,8382298513470011396,8593896757223382466,
5128652987957183113,3246975438823172591,2427501553702110466,
4533791449070670976,2548619798317204496,9082986152102110239,
8026015337805929276,4392076464307362029,2007977434370395108,
3148643459269759510,3025860695713014668,8957008208136617871,
5541090574645631796,3776681770364779434,1147383919057053778,
4789141158277666532,5250435565680893227,9021430255252656506,
7130518741553623133,6832454921518465181,8189816019888909724,
4378130393225656332,3849337003504999978,3319695302884175079,
325296443767115916,8351020942429526444,1556420853297267415,
1970068656983855276,5089497496945080456,1989733787162724419,
3219030728201840933,7115668926359431926,8214091222794610389,
603767789721991529,1356051244183583515,1910840207724866758,
772705358691926082,7880577574639159827,4502665323464641907,
2539330754876044773,4395543525799797661,4784444043403003612,
4768757487995817342,6681224592749093088,5488406800687975017,
4815745846743797690,4926536409092023110,3623312494414755046,
5073040810085868903,2438516259478611309,8399416234890047929,
4299665485413667248,8872292356838617571,434033200552046457,
7033156000325282209,6227852925624099359,2655086016051034572,
7766525848041412492,1092752419200978470,359918686433037412,
4257029936287233281,4531013034591858511,4438029272323203547,
3703326162756850886,2627187240284684499,5919613328319827701,
1120058092022560258,2640726043793790515,3425601718832487885,
7181513845874017931,2142836658133792026,1690165998986669898,
5948035127922821055,5601973604253056784,7151211287764740024,
5108643236843857456,1724770421763548047,8860195585652142408,
1870841385846671389,3995587100637590788,8107623153922631920,
5943139028582149792,4863667945773238900,494816964486882909,
5289692104783987165,7415198991690109798,316260213827727435,
1024184361652985610,7318310268529796925,2474299874435969020,
3661249876395420858,6863712954676265586,2633715766445788958,
7118539889155695835,571685613539570160,4513930519156514269,
8386669823735573045,7416324969017553190,2249619083334753624,
8201869154036898407,3000883320888750489,2096009165867905896,
8214276171252570128,57649606660224350,4219153345511561331,
4423635240842022700,1423287257509338793,1767113901233526161,
4038963972610187570,1536241031550914811,5863729408951800328,
3620828737320328896
7740485952132326290
680253349815095342
4751386684637511534
6674608964310379789
8804490951805526564
8604356963372249597
829552030959030082
263224038571903153
2691801350499841088
4816989309066394544
6893447125326804326
1359011194755477481
135988677880463284
3409935964033312444
7859621872604551670
2495402331782392584
5719158712880777225
8481949323727060775
8697768070116685311
861816576461448934
5377032861386490960
7763434563298116536
2739719704303144482
7435543272672750375
1624259523759919697
7271243818380855831
5515458180385770484
1262832548431978098
2871851722683189004
8864460580028702042
7369839121262140195
4328842450596587386
117322380614636424
8557727113389831218
2376776898088213828
2277494060594188974
3602353715024045494
5880042952580827097
6248024316316657774
4434721035047912752
9074465199995526874
278419786818202745
915471390490017483
8074931175897266611
5178461126175871919
2313967916004272065
3541436673437508849
369510378076515486
2965047579856818314
2781488446180378739
3402413810479898538
3075029252816472979
6533349563543328817
2844894308647598971
3867232020410545598
1652543183789208262
5948493207304842873
8026711458091891663
3476816417100100867
3216204776838976464
7428801021660196077
2831284979352021239
7708449008574994070
5508695422971624817
3390734878969384186
5257743453214860316
521375932847237632
2732938014599072791
5545081072293184597
4762296753863794635
4793589584982797546
3009534784677271715
7894476673627214660
239375634679002157
5434767762136016787
5261368018216837517
7191832431364556387
5409168374828987030
2430032495491892174
590297768235794602
4402629873758747907
4788502504879002285
8738439469325490877
1063725007512025248
9125379915098465821
8204098315211150570
2023132375972732097
8161353594031286093
7342629645346996945
6594986459497981027
3208840607833323663
5962272995929500469
2182944248336912223
6457701626282444829
7282932205298881342
2042454592473317264
1739175547188666943
1334312989602924199
1284422538013901398
8648131894471512419
6637563379943925397
1895760984544782012
8848934371410533527
4256116483363174535
4183093195855231509
4467048963778223222
5026023670649414352
3373973643377397109
3001195643542752443
6370874644268326909
8236213524116308112
5972900815980470822
7000548977085474240
2711208302741794342
1364728711953347950
5082819062953828988
1412801816181382890
88526105642686603
1932811789464422005
1917955052903340409
5076239907520118365
4545283269598738133
8228553982611407442
5573438829388218118
1355944086477697312
1657698841904176124
4212702051754597018
3079096974278197720
6392221052416816770
595367359164322447
4787648668481793635
2956780656732507340
2274432441306092439
1334255552780514780
6284793625830686691
2369916556487747545
9153293487085050729
3054357502918382814
2631979353765238029
2518152443815378126
6942807676809634943
523853017683851367
3799817919863943528
3877535208383074799
3603894894907210455
3498685672990885786
1075328815455594027
6732716461373325425
5121074260873164491
8916764024554069965
894951468279968368
2953689726325408286
3946301391400255402
4744724986051809001
8875589865243619072
4880203325331185619
2477505203892151935
3180976333674272989
1973683244737761208
640868195265536613
7951183054533578268
3154996320581051269
2185381769927469578
7313301065077757260
4983762352077842981
7796481807376046049
4076956268110110693
7382971911334021415
9001437114990340797
7093549129013466252
4470972509066094812
3678332039642068654
1344978674233746600
4915384296036598635
3397347569638971033
7435243128446164073
674170035263640113
6915121665965779284
8341858489349818543
4162593019834604341
3219330099331288695
8972685460608237043
7160591844432182368
4522282079237558961
64470625533727212
6673015583190426966
2684031498770722613
4773659742048708204
2911210972036122084
6476577823716369402
268128302677354219
7323754891027730980
5295334307288127882
6959665358417155341
8186053109153990790
6689847297324060626
6508587685251448560
2430634632935712715
1677235921426998425
3003488759177798732
9167896622014769778
588407324540357784
1250784675639515590
3596870029645694654
4915684401608328010
3334872662156029272
714255871372278615
3622260528253374550
5308640679142531847
5337605908051641835
4401497518379911560
8053500740679785658
742954336671250817
2995786196964621958
7035650155576221722
4104117607990911166
7738602208612090152
7018873494548820316
6624695521671453629
7287666583455621890
2119208569745438518
8755532047908588448
6791140610434248839
1254258506026897550
6244984373813329080
4290083240587732127
3916376650157566096
4821148232368062843
3913942996200201897
802945819921042815
8610029232912594961
7254038487875086304
3878172483091841983
2774665516038950042
6501691012380455000
4541271232605908787
3583252295066227351
3792412989311652801
1442296734742464015
8632217348423186600
4343751635356034362
2650390062969563109
1424622520822153169
3858936909305566635
6779705670528158167
9208041864196037329
7042471152974804069
5716852813225556761
2905026995942244844
3545605777998984905
5777546882859869808
6001100113932008261
3272631378185886549
1798769040031521740
6957884520568526627
4561138970069868749
141591357940888195
923328857747336702
383166458274054373
3204648011856287844
6180481720583145797
4126981865668918492
1469001197836791510
6827209405893578000
3670297842378879191
501714401865046803
5934067841767146994
3212019334157972596
7542032116382835055
9207356663907148415
3708496058744120193
3410604729565522824
1829370621376535066
3301562169912458683
8819665083396835757
130752119444931314
4262064145136720612
8814976685192401471
2330271714314369127
1309245460914837594
6334310424540200345
5404285327945004784
3255560450617652201
6743142906799642520
7622551111079569360
344005587794354304
91183315670112408
2145245338906097736
1139618652223473660
8533860681296527
1623250808088456411
5727217273441299360
1942262092378712966
7579442501666562311
4425062693841124324
4804271146022365091
4453250071064275482
5425597492185241426
8634540696451333906
2794186087790364058
164544429447661002
9084757796537258077
1488288045143288472
5469184549942387175
6137410475384334392
3081430887967238406
4909096029138732349
7909129499375521772
2060210505581235376
652333709015972895
7725841920363978475
1764228616812762394
7928916654347741248
9134873416962864756
4838876883064378758
8054699238813808205
2243116924081057482
5300241981610956730
2539665020603828954
4808599785620863435
4603116645743777544
5820827379684179373
488887298696728402
8995212233467866585
8704502549355496826
2005482482399912893
7177879479718317684
6939582332727532048
4499912970949366446
2623959916214910121
7016762353095250843
8421408211361607867
152174712021440189
3099233128921175123
5988235292213297314
8271204671556804484
8885992928776479435
560824715438781850
6007171166303849425
8867904467934418342
6642740813628295469
7945552107035287867
27321096109495661
835325277723137432
4735660276072833527
4289095686302944322
218323896799850920
8929661176765607840
3410879511910980911
5581953040517243420
4767794217551147899
3894935022211512725
8488815029762671705
918367509008172663
6902713379582313531
464090081275648661
2134826456946786024
3072429217617426310
6755437844257646000
7026412209560935390
8663935260561347980
8082263626445318757
2808674458597367300
4475607771874690429
2269466690208222825
139975561298901815
4072751805091998285
1115188220002322369
5765313698683299262
3986094393345250908
4447054313829003713
1333233475413507061
5219144860579021301
8967319290289928386
823787264641042510
2780404993490539150
2550709937298510299
5837697379306107175
8003587023161876906
4323501418820233588
6648854214543392213
684443673745540674
3431582460573595268
2780729520341878183
2716791232317813203
7189921240748401623
5988664243013132586
1407796452445131307
6556251821093179031
5025286821029203216
6051604823409990269
3970860054666785861
694147415081781459
4012956183854771749
7193260303124599649
4789840214185271724
1403237481439157279
4957981819521285096
6825512983810010104
838686364777815642
5550004144134022700
7075449980103473248
1187333054411661996
6593643155974925835
2410307166815835383
5114941249060653449
532292113835899302
1077818418023384360
6791017602089538919
4155091018346601711
586103267433317507
7045943748554264821
671072402533839923
2058475465148096951
3801764662211002470
2959186661729716881
7656010821808346831
8811687637906082880
7030545388727890307
4622701949348108329
7314440228006396862
1724078957240353312
2646876482504307884
8987199607762326035
1023105079392710034
4447986540128576672
3783523579108841272
4819437031244196524
1326836251211415415
8633324930333716843
3922439855593451079
7780033706190056393
1727369709635360794
2643997902553728900
8357529973657787386
3578186848797358901
4370791800850336896
4756090585587057194
4685042625692879031
8879596778320413539
1357220111222279465
4882670645521449588
2995581175898465253
1434667936733772619
1902232572101633000
4177681172286639224
2191135652755740148
2553064797625021316
2724103079827123258
78889535710316282
8410150203325640280
6556536627931533520
3891780257603174429
1248261207122073102
4937823541415193140
8777580971574370063
7129839418950487579
4418040740578830357
8714144758601994386
7973915546394289657
7117354112764586374
5016850072085959166
5638906771705599254
3052444321577104714
311979927160260665
8402474091772070236
5602955869264913340
2090131258931176642
3662770436059907316
2620366296573395035
2378076697717289733
1040271029189239154
1375920252962837965
3922003757940068415
8824519173497995577
172948618116420209
5130940170071682703
5568792311573772185
9180375696178737530
8911327244697107988
8061667921388272663
7934005126026385881
2964798848737445378
8191150374812594720
3424582866998541519
8255957093589850344
2725256615920071954
7520230240202658000
2398593950594710429
3820123588939498135
7463998547381842511
3967724653994284345
2686266097394849174
2665993789608323024
2963682719808550165
9158609670230868216
6564755365629192937
2708574517557666299
6023764828796073854
5721462422094105159
2797082721706611598
3269813209334216716
349210528704420444
7326284196428569445
54280000504569435
1830133833609170416
8663318472926752106
1391672824423170992
5984610883978248277
2689055565015259114
2510334026553523383
7606416094907268345
2812716259830030436
4808871409005505361
2411866529514191990
8584397770664284000
6620581122322497484
8335056651875319679
6382186876478594871
7984306188833124144
245304147265916604
310421812154777575
3741061757794389552
5169111042420640360
2456779895542297360
4416845893181295360
7536886321698851328
7930701630413544798
1200341474628872645
3097960924564960993
4511996496404867957
4260260653394449029
2123136729993720377
8336688550412708206
3821432176106048778
5832113998756757499
8811887275209674879
6936185434095403024
235942664622875683
3156063933369518994
6236896512871256279
8845837204686516917
8588292842355036347
6443585937688543456
7115119161951763367
973386650506980589
1570432618308312144
6865579612749739990
7848204181354618646
4183776216439679746
9062078813736002318
6523398497695000424
7569534097895329017
1431885935943234149
7091479683265568703
905874858399455328
8805100206038005776
8573753092800709372
6008707604524564674
2182484403716424072
3416052831000580309
8381439297605205334
993346483167577533
6394054944056569387
7328398838294182863
791635720170373588
6250795949015571602
1279905189698869543
5924344603350562236
2208080677159979154
4615591867307004905
5458549516465607429
5998597892700923314
7784159124320737189
374349225279093759
324348091949736648
4517489218429771509
8280915338554919761
325052458605176795
8721843182597979515
6180814216777479542
7005193779053762620
8298604200518505484
4440563703787560538
8846843921042871852
6895302625031579136
2266473870122988600
4640905648908637015
6943804821793924747
3344880844850459815
7259374271180866236
1287934971718401122
7939632530162791307
5507791457667449598
293305263265401161
374969204086878162
1448492139789039338
6573451991175557208
3743145067750971585
2972423996009649224
5374858968067676201
1329411461402346744
681465213939646425
2811221306860766064
3694087877437820417
9089639868459848942
8942666672098644346
6308172963772230395
989026923165472931
7351098709750631967
4961292350318086893
8409249729843540800
2693703768610957070
4969676423428791295
6278580901260707616
5707012407642642163
7163241896868592119
7801643446256385743
8415222276754979659
1258172144933927166
3597702880750576046
2091876064010664833
1062143416123435160
7465784086090563554
4622715341108541483
4549155191325175310
7306089711606489199
3578350002358479562
4684383470187590709
2185022346330293670
9214873298405989966
5346432229232964397
2464807399072770702
8292488510376881841
4001133329574449514
2396997000342968013
5663310622270137078
1965156159393878759
4271789677074816372
5334131929487299917
3964547435209055565
3703030279154494760
4171059397725674532
1868675824797016450
8709897380102724802
8934940940593732343
6054886135429939357
2633842137763051527
6695852142515954045
5651092625157354740
4244910749578724561
5629606758875040469
5084841620360274086
3445767773007289918
6610778680104069303
7845378459773395283
1599401944632256394
2580832780387966377
5357298130990232702
2743131072736716513
3354493682848160605
6256795090468576237
4735775390236762133
3663211537369769975
445050698068214250
4861524108753176935
7394081729533483193
3802329124054271495
4034167922776712045
1367597675434520317
5914470692596660135
8092779222856661823
7108045101942331804
5005515630512894591
2114295887471145572
8044940674152976272
4353945664160085362
4365218311649376429
265037391597675224
6371195118802156357
578175437598922486
6984021242599230861
1922996075745115554
4269304893479189605
2381650334945257207
7915369945920385256
2346817668123177432
8960835882936825942
3321084098878849247
7290206063673800362
8227645082370497876
2332496481719883921
9150490470937296280
1925044720885002274
992285716583769990
3360419440202781382
8951253681060731851
7478290987456534643
7084187775219948421
1468457253132582516
5168872737375169052
4220146229871620959
587050936348224398
5056629594223355811
2781920691233021012
2896102590208962071
3328277692590851403
7721591123057362903
8477736234233385896
951003102482233788
964662515587436603
8573924342406864188
3186272508636655055
4083501248355313745
6772601975128415904
2480679484908254263
8219666367711950967
6787252445077934116
7098690444029030550
5232043872518675775
1784155945033667834
6774158975585515861
2485890251964247718
1993772953422648769
7218530366083047322
4762895981455893798
425702664418185950
5234893989609604178
3922043490838005268
1238256466857409518
2538637879450563798
224223635140775723
6436390003210205165
6856481466319522661
3613850784022686517
2141287274830990335
2157764083690724443
188668539107602230
464381360655046371
1454448670704758110
650480532897597808
46688571005074595
2496384661219010685
7772126876680441395
7646485631551235962
6053687117602840347
9041515194357689281
3526950630511889433
4771550239131565621
1456289584643519132
6865269918626009072
5825753827382522434
8222316128089441714
8565041954503061064
6045170713884422059
6553198355832410446
4270719409986172993
5540171606961984798
8383673586990476479
8537399748197399
5169883613423636147
866124896490155985
8211126633639885183
8051538040319283615
4785370752795487863
4792040457231558388
6315754568495598027
4347786680578703479
4328424718295229150
8775971973892218732
6985105554285891050
680472213615016016
953591085955887439
1716603526671512296
1268058356522300259
189932692516123691
165310938080603809
8618288876038851350
1528907279622679456
7405212679054731731
7959474214253182471
2127258205328994619
5159192060103561377
8283013180590222699
694324873087465566
7078542783123641210
8600638243728766430
2715403900912718158
6002045126399255851
5540871644273449121
637907587561074888
7705549256500287752
3733580346460176704
6939607784803326426
4060070295442303834
2654818591013344924
4864652270229981249
6443762074986607486
124160749076431759
1018845653463031535
3421091038480267533
4482329464945827313
3595182433754458423
2701975802766350614
4084123829923464566
2289105741243618552
4521120810025741218
2247807523464836151
8438610939107010976
7397100691039468732
1602921611089985570
3792484578106681605
4367035027647701149
9027185293431650783
9098345715337082354
5573511646548700380
5713155289328621899
6611367241103140261
710879292309940884
5897435056912800138
5947871106774911588
3589807651993023251
4447083442411190259
1891337881065922286
9154860999515751183
1775922930808850045
2918462524411110578
261177994044882395
3323130435464789009
8160448836302552275
5065084903940392571
6648232814095869717
2288376770771735965
7548232348991542150
7553882507953725270
6640600623049736951
1985917150471661058
3110331904716508088
6681136627179679545
6510501321861041578
4378563123611502244
6383379060985986008
896275360622378456
5692308488763445763
7420692237703073916
469179119892194890
1592324328375987547
5690757679525921876
443138014945092098
220067948109637439
8161483424958252033
1822683249523365255
204520837951323270
4728844271593262513
1208008884544650011
547431614970386006
4721768061944295803
1252335175638184061
2473909086717389359
3888152490690556846
6068151842374856118
5705194149745024466
1053428137461111560
3576899399395062768
3173607208256965326
5950021399156080362
6688482417948355609
25343756295686947
8834982542902646163
4518831630743633733
4237211741464901424
4419564375451934563
4835203256458992988
4412637457302887677
1731533881407602959
4946571483431620055
1286408993931477134
2767949365644789675
2736252801725120661
4868486769759928987
5998348371304475426
4790333894690523309
5332538885523607584
3657695888719724609
7678213679851880422
1682381469149387825
829186143410779159
5011139147688686802
1220948161960270110
5877807482074927627
889024508329798751
8725173186852704314
7512072968022496616
5730505053707307566
4020323144600091500
1853548182113638129
8252468499194605917
659168469691121710
7138042548675916694
3286660209316272953
4907276907949309949
6855493667220640985
2726262224170528315
4470510108930065376
1332987542476268825
860616454823435453
7466025816385848600
3368288624176733585
733273607859833906
5708567284230111591
3855692903517536205
4601979832171442283
2983863031183090511
3295809199768301596
3612387442136420225
5124596901607393399
5085526002454682974
663162965968874404
7323809823874408350
2341353378893035740
5718870545217370543
1570751561680317277
2197397133985256479
3571852941250913681
6158486222224621399
7461150856956932303
6981690191517103229
1586959936181097532
9038427173802311605
1430272621802059303
4557519352889578204
3175541091421619886
226643712653390339
2233155095002566971
7857569456468622516
5373774360027112905
4032313657879858443
8154029754926360462
1630504091342038414
4884255466738085132
101294644555260143
8101687485892201875
5724140544399128471
6627904441734346652
3508273784765105605
7228472141880760926
5716324631113005777
5245122700410286903
4092775145535025834
3113725036647578781
7584509597209326313
932571270546090154
5224783045125525257
1829823456582967121
7198974523922179470
3379573602565384365
6046485818689357409
463106602930774603
674514173012393444
4280039239873383020
6106954032289630098
5588310153862797149
2113704551912344076
914507196623765895
7560740762191917495
426556021924675520
7751630621980300266
4586249654758222298
6461124449438619561
8110560175721900425
4004045732524839623
3576797775776201685
6696328230766319742
3770773753442004503
6154432989891759724
5856202777877467449
6268228426198112843
4008140692775745590
6756400285770383564
7754543512411377661
3107072235121454017
6167100326093914275
1977841940405272048
7070771567737078437
6711571303294949835
8740883465604575100
2372453223491338552
9207604993445516125
6282412772260384318
970824022471987403
977948862078468735
8175713757415314329
4361111808628685245
8260851127043168064
6842955695939668794
1119226138569356393
8923658844139414676
5521456067703417043
2611186906223885358
